1034
1043
1058
1078
1085
1087
1135
1153
1159
1179
1195
1197
1245
1254
1269
1289
1296
1298
1304
1315
1340
1351
1355
1379
1397
1399
1403
1425
1430
1452
1489
1498
1508
1513
1519
1524
1531
1535
1542
1553
1580
1591
1599
1629
1692
1708
1719
1739
1780
1791
1793
1805
1807
1829
1849
1850
1870
1892
1894
1915
1917
1926
1928
1937
1939
1948
1951
1959
1962
1971
1973
1982
1984
1993
1995
2004
2040
2044
2068
2086
2088
2145
2154
2169
2189
2196
2198
2246
2264
2356
2365
2400
2404
2415
2426
2440
2451
2462
2466
2514
2536
2541
2563
2608
2619
2624
2635
2642
2646
2653
2664
2680
2691
2806
2808
2819
2860
2880
2891
2916
2918
2961
2981
3014
3041
3078
3087
3104
3115
3140
3151
3155
3179
3197
3199
3256
3265
3357
3375
3401
3410
3467
3476
3511
3515
3526
3537
3551
3562
3573
3577
3625
3647
3652
3674
3708
3719
3735
3746
3753
3757
3764
3775
3780
3791
3807
3870
3917
3919
3971
3991
4002
4008
4013
4020
4024
4031
4042
4080
4088
4103
4125
4130
4152
4189
4198
4200
4204
4215
4226
4240
4251
4262
4266
4301
4310
4367
4376
4402
4420
4468
4486
4512
4521
4578
4587
4622
4626
4637
4648
4662
4673
4684
4688
4736
4758
4763
4785
4800
4808
4819
4846
4857
4864
4868
4875
4880
4886
4891
4918
4981
5018
5081
5108
5113
5119
5124
5131
5135
5142
5153
5180
5191
5199
5214
5236
5241
5263
5311
5315
5326
5337
5351
5362
5373
5377
5412
5421
5478
5487
5513
5531
5579
5597
5623
5632
5689
5698
5733
5737
5748
5759
5773
5784
5795
5799
5801
5810
5847
5869
5874
5896
5911
5919
5957
5968
5975
5979
5986
5991
5997
6008
6028
6080
6082
6129
6192
6208
6219
6224
6235
6242
6246
6253
6264
6280
6291
6325
6347
6352
6374
6422
6426
6437
6448
6462
6473
6484
6488
6523
6532
6589
6598
6624
6642
6734
6743
6800
6802
6820
6844
6848
6859
6884
6895
6912
6921
6958
6985
7018
7038
7081
7083
7108
7119
7139
7180
7191
7193
7308
7319
7335
7346
7353
7357
7364
7375
7380
7391
7436
7458
7463
7485
7533
7537
7548
7559
7573
7584
7595
7599
7634
7643
7735
7753
7801
7803
7810
7830
7845
7854
7911
7913
7931
7955
7959
7995
8004
8006
8015
8017
8026
8028
8037
8040
8048
8051
8060
8062
8071
8073
8082
8084
8105
8107
8129
8149
8150
8170
8192
8194
8206
8208
8219
8260
8280
8291
8307
8370
8400
8408
8419
8446
8457
8464
8468
8475
8480
8486
8491
8501
8510
8547
8569
8574
8596
8600
8602
8620
8644
8648
8659
8684
8695
8701
8703
8710
8730
8745
8754
8802
8804
8820
8840
8846
8864
8912
8914
8921
8941
8956
8965
9115
9117
9126
9128
9137
9139
9148
9151
9159
9162
9171
9173
9182
9184
9193
9195
9216
9218
9261
9281
9317
9319
9371
9391
9418
9481
9511
9519
9557
9568
9575
9579
9586
9591
9597
9612
9621
9658
9685
9711
9713
9731
9755
9759
9795
9812
9814
9821
9841
9856
9865
9913
9915
9931
9951
9957
9975
