1002
1003
1007
1008
1020
1022
1023
1027
1028
1030
1032
1039
1044
1046
1049
1057
1064
1070
1072
1075
1077
1080
1082
1089
1093
1094
1098
1099
1123
1124
1128
1129
1132
1142
1145
1147
1154
1158
1174
1178
1182
1185
1187
1192
1200
1202
1203
1207
1208
1213
1214
1218
1219
1220
1230
1231
1233
1234
1238
1239
1241
1243
1255
1257
1268
1270
1275
1280
1281
1283
1286
1288
1291
1293
1300
1302
1309
1312
1320
1321
1323
1324
1328
1329
1332
1342
1344
1348
1349
1367
1376
1378
1382
1384
1387
1390
1392
1394
1404
1406
1409
1412
1415
1417
1421
1423
1432
1434
1438
1439
1440
1443
1451
1458
1459
1460
1471
1477
1483
1485
1488
1490
1493
1495
1507
1514
1518
1525
1527
1541
1548
1549
1552
1568
1569
1570
1572
1581
1584
1586
1594
1596
1604
1628
1637
1640
1658
1659
1673
1678
1679
1682
1685
1687
1695
1697
1700
1702
1705
1707
1714
1718
1720
1725
1736
1738
1741
1747
1750
1752
1763
1768
1769
1770
1774
1781
1783
1786
1788
1789
1796
1798
1800
1802
1809
1812
1815
1817
1820
1821
1823
1826
1828
1832
1834
1837
1843
1845
1848
1851
1854
1856
1862
1865
1867
1871
1873
1876
1878
1879
1882
1884
1887
1890
1897
1899
1903
1904
1908
1909
1912
1921
1923
1930
1932
1934
1940
1943
1945
1954
1956
1965
1967
1976
1978
1980
1987
1989
1990
1998
2001
2009
2010
2012
2013
2017
2018
2021
2031
2033
2037
2038
2049
2056
2059
2065
2067
2071
2073
2076
2081
2083
2090
2094
2095
2099
2100
2102
2103
2107
2108
2113
2114
2118
2119
2120
2130
2131
2133
2134
2138
2139
2141
2143
2155
2157
2168
2170
2175
2180
2181
2183
2186
2188
2191
2193
2201
2210
2234
2235
2239
2243
2253
2256
2258
2265
2269
2285
2289
2293
2296
2298
2301
2303
2307
2308
2310
2311
2313
2314
2318
2319
2324
2325
2329
2330
2331
2341
2342
2344
2345
2349
2352
2354
2366
2368
2370
2379
2380
2381
2386
2391
2392
2394
2397
2399
2409
2411
2413
2423
2431
2432
2434
2435
2439
2443
2453
2455
2459
2478
2487
2489
2490
2493
2495
2498
2506
2509
2515
2517
2523
2526
2528
2532
2534
2543
2545
2549
2551
2554
2560
2562
2569
2571
2582
2588
2590
2594
2596
2599
2605
2607
2618
2625
2629
2636
2638
2650
2652
2659
2663
2670
2679
2681
2683
2692
2695
2697
2701
2703
2706
2710
2715
2730
2739
2748
2751
2760
2769
2784
2789
2793
2796
2798
2801
2803
2810
2811
2813
2816
2818
2825
2829
2830
2831
2836
2847
2849
2852
2858
2861
2863
2874
2879
2881
2885
2892
2894
2897
2899
2900
2904
2905
2909
2911
2913
2923
2926
2928
2931
2932
2934
2937
2939
2940
2943
2945
2948
2950
2954
2956
2959
2962
2965
2967
2973
2976
2978
2982
2984
2987
2989
2990
2993
2995
2998
3001
3004
3006
3009
3010
3012
3019
3021
3023
3027
3028
3032
3040
3047
3048
3059
3060
3066
3069
3072
3074
3077
3082
3084
3090
3091
3095
3096
3100
3102
3109
3112
3120
3121
3123
3124
3128
3129
3132
3142
3144
3148
3149
3167
3176
3178
3182
3184
3187
3190
3192
3194
3201
3203
3207
3208
3210
3211
3213
3214
3218
3219
3224
3225
3229
3230
3231
3241
3242
3244
3245
3249
3252
3254
3266
3268
3270
3279
3280
3281
3286
3291
3292
3294
3297
3299
3302
3312
3320
3321
3345
3346
3354
3364
3367
3369
3376
3396
3400
3407
3408
3412
3414
3418
3419
3421
3422
3424
3425
3429
3435
3436
3441
3442
3452
3453
3455
3456
3463
3465
3470
3477
3479
3480
3481
3491
3492
3497
3509
3522
3524
3534
3542
3543
3545
3546
3554
3564
3566
3589
3590
3598
3600
3606
3609
3617
3626
3628
3634
3637
3639
3643
3645
3654
3656
3660
3662
3665
3671
3673
3682
3690
3693
3699
3702
3704
3707
3716
3718
3720
3729
3736
3740
3747
3749
3761
3763
3770
3774
3781
3792
3794
3802
3804
3812
3814
3817
3820
3821
3826
3840
3841
3859
3862
3871
3895
3900
3901
3905
3906
3910
3912
3914
3921
3922
3924
3927
3929
3936
3941
3942
3947
3950
3958
3960
3963
3969
3972
3974
3985
3992
3996
4003
4007
4014
4016
4019
4029
4030
4037
4038
4041
4057
4058
4061
4069
4070
4073
4075
4079
4083
4085
4091
4092
4096
4097
4104
4106
4109
4112
4115
4117
4121
4123
4132
4134
4138
4139
4140
4143
4151
4158
4159
4160
4171
4177
4183
4185
4188
4190
4193
4195
4209
4211
4213
4223
4231
4232
4234
4235
4239
4243
4253
4255
4259
4278
4287
4289
4290
4293
4295
4298
4300
4307
4308
4312
4314
4318
4319
4321
4322
4324
4325
4329
4335
4336
4341
4342
4352
4353
4355
4356
4363
4365
4370
4377
4379
4380
4381
4391
4392
4397
4401
4410
4413
4423
4431
4432
4456
4457
4465
4475
4478
4487
4507
4508
4511
4518
4519
4523
4525
4529
4532
4533
4535
4536
4546
4547
4552
4553
4563
4564
4566
4567
4570
4574
4576
4580
4581
4588
4591
4592
4601
4609
4610
4633
4635
4645
4653
4654
4656
4657
4665
4675
4677
4690
4700
4703
4705
4709
4711
4717
4728
4730
4737
4739
4745
4748
4750
4754
4756
4765
4767
4771
4773
4776
4782
4784
4790
4793
4803
4805
4813
4815
4818
4827
4829
4830
4831
4847
4850
4851
4858
4872
4874
4881
4885
4892
4901
4902
4906
4907
4910
4913
4915
4920
4923
4925
4928
4931
4932
4937
4951
4952
4960
4970
4973
4982
5017
5026
5029
5039
5047
5048
5062
5067
5068
5071
5074
5076
5079
5084
5086
5089
5092
5093
5097
5098
5107
5114
5118
5125
5127
5141
5148
5149
5152
5168
5169
5170
5172
5181
5184
5186
5194
5196
5206
5209
5215
5217
5223
5226
5228
5232
5234
5243
5245
5249
5251
5254
5260
5262
5269
5271
5282
5288
5290
5294
5296
5299
5309
5322
5324
5334
5342
5343
5345
5346
5354
5364
5366
5389
5390
5398
5407
5408
5411
5418
5419
5423
5425
5429
5432
5433
5435
5436
5446
5447
5452
5453
5463
5464
5466
5467
5470
5474
5476
5480
5481
5488
5491
5492
5512
5521
5524
5534
5542
5543
5567
5568
5576
5586
5589
5598
5602
5607
5608
5618
5619
5620
5622
5629
5634
5636
5643
5644
5646
5647
5657
5658
5663
5664
5670
5674
5675
5677
5678
5680
5681
5685
5687
5691
5692
5699
5701
5704
5706
5709
5710
5712
5721
5740
5744
5746
5756
5760
5764
5765
5767
5768
5776
5786
5788
5790
5804
5806
5809
5811
5814
5816
5822
5828
5839
5840
5841
5848
5856
5859
5860
5861
5865
5867
5876
5878
5882
5884
5887
5890
5893
5895
5902
5903
5907
5908
5914
5916
5920
5924
5926
5929
5930
5938
5941
5942
5958
5961
5962
5969
5970
5980
5983
5985
5992
5996
6003
6007
6014
6025
6027
6030
6036
6039
6041
6049
6052
6057
6058
6063
6070
6072
6075
6077
6078
6085
6087
6089
6093
6094
6098
6099
6104
6128
6137
6140
6158
6159
6173
6178
6179
6182
6185
6187
6195
6197
6205
6207
6218
6225
6229
6236
6238
6250
6252
6259
6263
6270
6279
6281
6283
6292
6295
6297
6300
6306
6309
6317
6326
6328
6334
6337
6339
6343
6345
6354
6356
6360
6362
6365
6371
6373
6382
6390
6393
6399
6401
6409
6410
6433
6435
6445
6453
6454
6456
6457
6465
6475
6477
6490
6502
6507
6508
6518
6519
6520
6522
6529
6534
6536
6543
6544
6546
6547
6557
6558
6563
6564
6570
6574
6575
6577
6578
6580
6581
6585
6587
6591
6592
6599
6603
6623
6630
6632
6635
6645
6653
6654
6678
6679
6687
6697
6700
6702
6705
6707
6708
6713
6718
6719
6720
6729
6731
6733
6745
6747
6750
6754
6755
6757
6758
6768
6769
6770
6774
6775
6780
6781
6785
6786
6788
6789
6791
6792
6796
6798
6805
6807
6809
6812
6815
6817
6821
6823
6832
6850
6851
6855
6857
6867
6870
6871
6875
6876
6878
6879
6887
6890
6897
6899
6903
6904
6908
6909
6915
6917
6922
6925
6927
6930
6933
6939
6940
6951
6952
6959
6967
6971
6972
6976
6978
6980
6987
6989
6990
6993
6995
6998
7001
7004
7006
7009
7010
7012
7015
7017
7021
7023
7026
7032
7034
7037
7040
7043
7045
7049
7051
7054
7056
7059
7060
7062
7065
7067
7068
7071
7073
7076
7086
7088
7090
7094
7095
7099
7100
7102
7105
7107
7114
7118
7120
7125
7136
7138
7141
7147
7150
7152
7163
7168
7169
7170
7174
7181
7183
7186
7188
7189
7196
7198
7201
7203
7206
7210
7215
7230
7239
7248
7251
7260
7269
7284
7289
7293
7296
7298
7302
7304
7307
7316
7318
7320
7329
7336
7340
7347
7349
7361
7363
7370
7374
7381
7392
7394
7400
7403
7405
7409
7411
7417
7428
7430
7437
7439
7445
7448
7450
7454
7456
7465
7467
7471
7473
7476
7482
7484
7490
7493
7501
7504
7506
7509
7510
7512
7521
7540
7544
7546
7556
7560
7564
7565
7567
7568
7576
7586
7588
7590
7600
7602
7605
7607
7608
7613
7618
7619
7620
7629
7631
7633
7645
7647
7650
7654
7655
7657
7658
7668
7669
7670
7674
7675
7680
7681
7685
7686
7688
7689
7691
7692
7696
7698
7701
7703
7706
7710
7714
7730
7734
7741
7743
7746
7756
7760
7764
7765
7789
7798
7806
7808
7811
7813
7816
7818
7819
7824
7829
7831
7842
7844
7856
7858
7860
7861
7865
7866
7868
7869
7879
7880
7881
7885
7886
7891
7892
7896
7897
7899
7900
7904
7905
7909
7916
7918
7923
7926
7928
7932
7934
7940
7943
7950
7961
7962
7966
7968
7978
7981
7982
7986
7987
7989
7990
7998
8001
8009
8010
8012
8019
8021
8023
8032
8034
8043
8045
8054
8056
8059
8065
8067
8069
8076
8078
8087
8090
8091
8095
8096
8100
8102
8109
8112
8115
8117
8120
8121
8123
8126
8128
8132
8134
8137
8143
8145
8148
8151
8154
8156
8162
8165
8167
8171
8173
8176
8178
8179
8182
8184
8187
8190
8197
8199
8201
8203
8210
8211
8213
8216
8218
8225
8229
8230
8231
8236
8247
8249
8252
8258
8261
8263
8274
8279
8281
8285
8292
8294
8297
8299
8302
8304
8312
8314
8317
8320
8321
8326
8340
8341
8359
8362
8371
8395
8403
8405
8413
8415
8418
8427
8429
8430
8431
8447
8450
8451
8458
8472
8474
8481
8485
8492
8504
8506
8509
8511
8514
8516
8522
8528
8539
8540
8541
8548
8556
8559
8560
8561
8565
8567
8576
8578
8582
8584
8587
8590
8593
8595
8605
8607
8609
8612
8615
8617
8621
8623
8632
8650
8651
8655
8657
8667
8670
8671
8675
8676
8678
8679
8687
8690
8697
8699
8706
8708
8711
8713
8716
8718
8719
8724
8729
8731
8742
8744
8756
8758
8760
8761
8765
8766
8768
8769
8779
8780
8781
8785
8786
8791
8792
8796
8797
8799
8807
8812
8814
8817
8821
8825
8841
8845
8852
8854
8857
8867
8870
8871
8875
8876
8900
8901
8905
8906
8910
8917
8919
8922
8924
8927
8929
8935
8942
8950
8953
8955
8960
8967
8969
8971
8972
8976
8977
8979
8991
8992
8996
8997
9002
9003
9007
9008
9013
9014
9018
9019
9020
9024
9025
9029
9030
9031
9035
9036
9041
9042
9046
9047
9052
9053
9057
9058
9063
9064
9068
9069
9070
9074
9075
9079
9080
9081
9085
9086
9091
9092
9096
9097
9103
9104
9108
9109
9112
9121
9123
9130
9132
9134
9140
9143
9145
9154
9156
9165
9167
9176
9178
9180
9187
9189
9190
9198
9200
9204
9205
9209
9211
9213
9223
9226
9228
9231
9232
9234
9237
9239
9240
9243
9245
9248
9250
9254
9256
9259
9262
9265
9267
9273
9276
9278
9282
9284
9287
9289
9290
9293
9295
9298
9300
9301
9305
9306
9310
9312
9314
9321
9322
9324
9327
9329
9336
9341
9342
9347
9350
9358
9360
9363
9369
9372
9374
9385
9392
9396
9401
9402
9406
9407
9410
9413
9415
9420
9423
9425
9428
9431
9432
9437
9451
9452
9460
9470
9473
9482
9502
9503
9507
9508
9514
9516
9520
9524
9526
9529
9530
9538
9541
9542
9558
9561
9562
9569
9570
9580
9583
9585
9592
9596
9603
9604
9608
9609
9615
9617
9622
9625
9627
9630
9633
9639
9640
9651
9652
9659
9667
9671
9672
9676
9678
9680
9687
9689
9690
9693
9695
9698
9700
9704
9705
9709
9716
9718
9723
9726
9728
9732
9734
9740
9743
9750
9761
9762
9766
9768
9778
9781
9782
9786
9787
9789
9790
9798
9800
9801
9805
9806
9810
9817
9819
9822
9824
9827
9829
9835
9842
9850
9853
9855
9860
9867
9869
9871
9872
9876
9877
9879
9891
9892
9896
9897
9901
9902
9906
9907
9910
9918
9920
9923
9925
9928
9932
9936
9952
9956
9960
9963
9965
9968
9970
9978
9981
9982
9986
9987
