1001
1009
1010
1012
1014
1017
1019
1021
1029
1041
1056
1065
1071
1090
1091
1092
1100
1102
1104
1107
1109
1113
1115
1118
1120
1122
1131
1140
1151
1155
1157
1170
1175
1177
1181
1190
1201
1209
1210
1212
1221
1223
1225
1228
1232
1252
1267
1276
1282
1290
1311
1322
1333
1335
1338
1353
1377
1383
1401
1410
1445
1448
1454
1484
1506
1511
1515
1517
1522
1533
1544
1551
1555
1558
1560
1571
1585
1605
1627
1650
1668
1672
1686
1701
1710
1715
1717
1726
1737
1751
1762
1771
1773
1778
1787
1811
1822
1833
1844
1855
1866
1877
1888
1900
1901
1902
1910
1920
2000
2011
2019
2022
2024
2027
2029
2039
2042
2066
2072
2091
2092
2093
2101
2109
2110
2112
2121
2123
2125
2128
2132
2152
2167
2176
2182
2190
2202
2204
2207
2209
2211
2213
2215
2218
2220
2224
2226
2229
2231
2233
2240
2242
2251
2262
2266
2268
2270
2281
2286
2288
2290
2292
2309
2312
2321
2323
2332
2334
2336
2339
2343
2363
2378
2387
2390
2393
2402
2420
2422
2433
2444
2446
2449
2464
2488
2494
2512
2521
2556
2559
2565
2595
2606
2617
2622
2626
2628
2633
2644
2655
2660
2662
2666
2669
2671
2682
2696
2702
2716
2720
2738
2761
2779
2783
2797
2812
2821
2826
2828
2837
2848
2862
2873
2882
2884
2889
2898
2901
2902
2903
2910
2920
2922
2930
2933
2944
2955
2966
2977
2988
2999
3029
3034
3037
3039
3043
3049
3073
3092
3093
3094
3111
3122
3133
3135
3138
3153
3177
3183
3209
3212
3221
3223
3232
3234
3236
3239
3243
3263
3278
3287
3290
3293
3304
3307
3309
3313
3315
3318
3322
3324
3326
3329
3331
3335
3337
3340
3342
3344
3351
3353
3362
3370
3373
3377
3379
3381
3390
3392
3397
3399
3403
3409
3423
3430
3432
3434
3443
3445
3447
3454
3474
3489
3490
3498
3513
3531
3533
3544
3555
3557
3575
3599
3623
3632
3667
3676
3703
3717
3728
3730
3733
3737
3739
3744
3755
3766
3771
3773
3777
3782
3793
3813
3827
3831
3849
3872
3894
3902
3903
3904
3920
3923
3930
3932
3937
3939
3940
3948
3959
3973
3984
3993
3995
4000
4004
4006
4011
4022
4033
4039
4040
4044
4047
4049
4059
4060
4074
4093
4094
4095
4101
4110
4145
4148
4154
4184
4202
4220
4222
4233
4244
4246
4249
4264
4288
4294
4303
4309
4323
4330
4332
4334
4343
4345
4347
4354
4374
4389
4390
4398
4400
4404
4407
4409
4415
4418
4424
4426
4429
4433
4435
4437
4440
4442
4446
4448
4451
4453
4455
4462
4464
4470
4473
4481
4484
4488
4490
4492
4509
4514
4534
4541
4543
4545
4554
4556
4558
4565
4585
4590
4600
4624
4642
4644
4655
4666
4668
4686
4704
4734
4740
4743
4778
4787
4814
4828
4839
4841
4844
4848
4855
4866
4877
4882
4884
4888
4893
4903
4904
4905
4924
4930
4938
4940
4942
4950
4983
5016
5049
5057
5059
5061
5069
5075
5094
5095
5096
5106
5111
5115
5117
5122
5133
5144
5151
5155
5158
5160
5171
5185
5212
5221
5256
5259
5265
5295
5313
5331
5333
5344
5355
5357
5375
5399
5409
5414
5434
5441
5443
5445
5454
5456
5458
5465
5485
5490
5507
5509
5511
5515
5518
5526
5529
5535
5537
5544
5546
5548
5551
5553
5557
5559
5562
5564
5566
5570
5573
5575
5581
5584
5590
5592
5595
5599
5601
5609
5610
5625
5645
5652
5654
5656
5665
5667
5669
5676
5690
5696
5705
5711
5735
5750
5753
5755
5766
5777
5779
5797
5815
5845
5851
5854
5889
5898
5904
5905
5906
5925
5939
5940
5950
5952
5955
5959
5960
5966
5977
5988
5993
5995
5999
6004
6006
6015
6026
6040
6051
6059
6060
6062
6067
6069
6076
6079
6095
6096
6097
6105
6127
6150
6168
6172
6186
6206
6217
6222
6226
6228
6233
6244
6255
6260
6262
6266
6269
6271
6282
6296
6323
6332
6367
6376
6400
6424
6442
6444
6455
6466
6468
6486
6501
6509
6510
6525
6545
6552
6554
6556
6565
6567
6569
6576
6590
6596
6600
6602
6607
6609
6618
6620
6622
6626
6629
6637
6646
6648
6655
6657
6659
6662
6664
6668
6670
6673
6675
6677
6681
6684
6686
6690
6692
6695
6706
6709
6712
6721
6736
6756
6760
6763
6765
6767
6776
6778
6787
6790
6816
6822
6846
6861
6864
6866
6877
6888
6905
6906
6907
6926
6950
6956
6960
6962
6965
6970
7000
7011
7022
7033
7044
7055
7066
7069
7077
7079
7089
7096
7097
7098
7101
7110
7115
7117
7126
7137
7151
7162
7171
7173
7178
7187
7202
7216
7220
7238
7261
7279
7283
7297
7303
7317
7328
7330
7333
7337
7339
7344
7355
7366
7371
7373
7377
7382
7393
7404
7434
7440
7443
7478
7487
7505
7511
7535
7550
7553
7555
7566
7577
7579
7597
7606
7609
7612
7621
7636
7656
7660
7663
7665
7667
7676
7678
7687
7690
7707
7709
7711
7713
7718
7729
7731
7733
7737
7748
7757
7759
7766
7768
7770
7773
7775
7779
7781
7784
7786
7788
7790
7792
7795
7797
7809
7817
7823
7832
7847
7867
7871
7874
7876
7878
7887
7889
7890
7898
7906
7907
7908
7927
7933
7957
7960
7970
7972
7975
7977
7980
7988
7999
8079
8089
8097
8098
8099
8111
8122
8133
8144
8155
8166
8177
8188
8212
8221
8226
8228
8237
8248
8262
8273
8282
8284
8289
8298
8313
8327
8331
8349
8372
8394
8414
8428
8439
8441
8444
8448
8455
8466
8477
8482
8484
8488
8493
8515
8545
8551
8554
8589
8598
8616
8622
8646
8661
8664
8666
8677
8688
8709
8717
8723
8732
8747
8767
8771
8774
8776
8778
8787
8789
8790
8798
8809
8818
8822
8824
8829
8842
8844
8848
8859
8868
8877
8879
8881
8884
8886
8890
8892
8895
8897
8899
8907
8908
8909
8928
8934
8943
8958
8970
8978
8980
8982
8985
8987
8989
8990
8998
9000
9001
9009
9010
9011
9012
9021
9022
9023
9032
9033
9034
9043
9044
9045
9054
9055
9056
9065
9066
9067
9076
9077
9078
9087
9088
9089
9090
9098
9099
9100
9101
9102
9110
9120
9201
9202
9203
9210
9220
9222
9230
9233
9244
9255
9266
9277
9288
9299
9302
9303
9304
9320
9323
9330
9332
9337
9339
9340
9348
9359
9373
9384
9393
9395
9403
9404
9405
9424
9430
9438
9440
9442
9450
9483
9504
9505
9506
9525
9539
9540
9550
9552
9555
9559
9560
9566
9577
9588
9593
9595
9599
9605
9606
9607
9626
9650
9656
9660
9662
9665
9670
9706
9707
9708
9727
9733
9757
9760
9770
9772
9775
9777
9780
9788
9799
9807
9808
9809
9828
9834
9843
9858
9870
9878
9880
9882
9885
9887
9889
9890
9898
9900
9908
9909
9929
9933
9935
9953
9955
9959
9979
9980
9988
9990
9992
9995
9997
