1000
1011
1033
1037
1045
1048
1054
1055
1066
1067
1073
1076
1084
1088
1101
1110
1112
1121
1134
1138
1143
1146
1149
1156
1164
1165
1166
1167
1168
1176
1183
1186
1189
1194
1198
1211
1222
1244
1248
1256
1259
1265
1266
1277
1278
1284
1287
1295
1299
1303
1307
1314
1318
1330
1341
1358
1366
1369
1370
1381
1385
1388
1396
1405
1408
1413
1416
1419
1424
1428
1431
1442
1450
1461
1468
1479
1480
1482
1486
1491
1497
1504
1505
1516
1526
1529
1538
1540
1550
1561
1562
1578
1583
1587
1589
1592
1598
1606
1607
1614
1615
1616
1617
1618
1625
1626
1636
1639
1641
1648
1651
1652
1660
1661
1662
1663
1670
1671
1681
1684
1688
1693
1699
1703
1706
1716
1727
1728
1730
1749
1758
1760
1761
1772
1782
1785
1794
1804
1808
1813
1816
1819
1824
1827
1831
1835
1838
1840
1842
1846
1853
1857
1859
1861
1864
1868
1872
1875
1880
1883
1886
1891
1895
1914
1918
1925
1929
1936
1941
1947
1952
1958
1963
1969
1974
1981
1985
1992
1996
2003
2007
2030
2047
2055
2058
2070
2074
2077
2085
2111
2122
2144
2148
2156
2159
2165
2166
2177
2178
2184
2187
2195
2199
2212
2221
2223
2232
2245
2249
2254
2257
2267
2275
2276
2277
2278
2279
2287
2294
2297
2300
2322
2333
2355
2359
2367
2376
2377
2388
2389
2395
2398
2407
2414
2418
2425
2429
2441
2452
2469
2470
2477
2481
2492
2496
2499
2505
2508
2516
2519
2524
2527
2535
2539
2542
2550
2553
2561
2572
2579
2580
2591
2593
2597
2615
2616
2627
2637
2649
2651
2661
2672
2673
2689
2694
2698
2700
2704
2707
2717
2718
2725
2726
2727
2728
2729
2736
2737
2740
2747
2752
2759
2762
2763
2770
2771
2772
2773
2774
2781
2782
2792
2795
2799
2805
2814
2817
2827
2838
2839
2841
2850
2869
2871
2872
2883
2893
2896
2915
2919
2924
2927
2935
2938
2942
2946
2949
2951
2953
2957
2964
2968
2972
2975
2979
2983
2986
2991
2994
2997
3002
3005
3008
3013
3017
3020
3031
3050
3057
3068
3071
3075
3080
3086
3103
3107
3114
3118
3130
3141
3158
3166
3169
3170
3181
3185
3188
3196
3200
3222
3233
3255
3259
3267
3276
3277
3288
3289
3295
3298
3301
3310
3323
3332
3334
3343
3356
3365
3368
3378
3386
3387
3388
3389
3398
3411
3433
3444
3466
3478
3487
3488
3499
3500
3507
3518
3525
3529
3536
3552
3563
3570
3581
3588
3592
3608
3616
3619
3627
3635
3638
3646
3653
3661
3664
3672
3680
3683
3691
3701
3705
3710
3726
3727
3738
3748
3750
3762
3772
3783
3784
3800
3806
3811
3815
3818
3828
3829
3836
3837
3838
3839
3847
3848
3851
3858
3860
3863
3873
3874
3881
3882
3883
3884
3885
3892
3893
3916
3925
3928
3938
3949
3952
3961
3982
3983
3994
4005
4015
4018
4027
4050
4051
4067
4072
4076
4078
4081
4087
4105
4108
4113
4116
4119
4124
4128
4131
4142
4150
4161
4168
4179
4180
4182
4186
4191
4197
4207
4214
4218
4225
4229
4241
4252
4269
4270
4277
4281
4292
4296
4299
4311
4333
4344
4366
4378
4387
4388
4399
4412
4421
4434
4443
4445
4454
4467
4476
4479
4489
4497
4498
4499
4500
4501
4510
4522
4544
4555
4577
4589
4598
4599
4607
4611
4618
4629
4636
4647
4663
4670
4674
4681
4692
4699
4702
4706
4708
4719
4720
4727
4738
4746
4749
4757
4760
4764
4772
4775
4780
4783
4791
4794
4801
4807
4810
4812
4816
4821
4837
4838
4849
4859
4861
4870
4873
4883
4894
4895
4911
4917
4922
4926
4929
4939
4947
4948
4949
4958
4959
4962
4969
4971
4974
4984
4985
4992
4993
4994
4995
4996
5003
5004
5005
5006
5007
5014
5015
5025
5028
5030
5037
5040
5041
5050
5051
5052
5060
5070
5073
5077
5082
5088
5104
5105
5116
5126
5129
5138
5140
5150
5161
5162
5178
5183
5187
5189
5192
5198
5205
5208
5216
5219
5224
5227
5235
5239
5242
5250
5253
5261
5272
5279
5280
5291
5293
5297
5300
5307
5318
5325
5329
5336
5352
5363
5370
5381
5388
5392
5400
5401
5410
5422
5444
5455
5477
5489
5498
5499
5500
5501
5502
5510
5520
5523
5532
5545
5554
5556
5565
5578
5587
5600
5611
5612
5621
5633
5655
5666
5688
5700
5703
5707
5718
5722
5729
5730
5747
5758
5770
5774
5781
5785
5792
5802
5808
5813
5817
5819
5820
5831
5838
5849
5857
5868
5871
5875
5880
5883
5886
5891
5894
5912
5918
5921
5923
5927
5932
5948
5949
5972
5981
5984
5994
6005
6016
6017
6038
6047
6050
6061
6071
6074
6083
6106
6107
6114
6115
6116
6117
6118
6125
6126
6136
6139
6141
6148
6151
6152
6160
6161
6162
6163
6170
6171
6181
6184
6188
6193
6199
6215
6216
6227
6237
6249
6251
6261
6272
6273
6289
6294
6298
6308
6316
6319
6327
6335
6338
6346
6353
6361
6364
6372
6380
6383
6391
6407
6411
6418
6429
6436
6447
6463
6470
6474
6481
6492
6499
6500
6511
6512
6521
6533
6555
6566
6588
6601
6610
6611
6612
6613
6621
6631
6634
6643
6656
6665
6667
6676
6689
6698
6701
6704
6710
6711
6722
6723
6732
6740
6744
6766
6777
6799
6803
6811
6814
6818
6829
6830
6833
6841
6858
6869
6881
6885
6892
6896
6913
6919
6924
6928
6931
6942
6949
6968
6979
6982
6986
6991
6994
6997
7002
7005
7008
7013
7016
7020
7024
7027
7031
7035
7042
7046
7048
7050
7053
7057
7061
7064
7072
7075
7080
7084
7103
7106
7116
7127
7128
7130
7149
7158
7160
7161
7172
7182
7185
7194
7200
7204
7207
7217
7218
7225
7226
7227
7228
7229
7236
7237
7240
7247
7252
7259
7262
7263
7270
7271
7272
7273
7274
7281
7282
7292
7295
7299
7301
7305
7310
7326
7327
7338
7348
7350
7362
7372
7383
7384
7402
7406
7408
7419
7420
7427
7438
7446
7449
7457
7460
7464
7472
7475
7480
7483
7491
7494
7500
7503
7507
7518
7522
7529
7530
7547
7558
7570
7574
7581
7585
7592
7601
7604
7610
7611
7622
7623
7632
7640
7644
7666
7677
7699
7702
7705
7712
7720
7721
7722
7723
7724
7732
7742
7745
7750
7754
7767
7776
7778
7787
7800
7804
7812
7815
7821
7822
7833
7834
7840
7843
7851
7855
7877
7888
7914
7922
7925
7929
7941
7944
7952
7969
7992
7996
8003
8007
8014
8018
8025
8030
8036
8041
8047
8052
8058
8063
8070
8074
8081
8085
8104
8108
8113
8116
8119
8124
8127
8131
8135
8138
8140
8142
8146
8153
8157
8159
8161
8164
8168
8172
8175
8180
8183
8186
8191
8195
8205
8214
8217
8227
8238
8239
8241
8250
8269
8271
8272
8283
8293
8296
8300
8306
8311
8315
8318
8328
8329
8336
8337
8338
8339
8347
8348
8351
8358
8360
8363
8373
8374
8381
8382
8383
8384
8385
8392
8393
8401
8407
8410
8412
8416
8421
8437
8438
8449
8459
8461
8470
8473
8483
8494
8495
8502
8508
8513
8517
8519
8520
8531
8538
8549
8557
8568
8571
8575
8580
8583
8586
8591
8594
8603
8611
8614
8618
8629
8630
8633
8641
8658
8669
8681
8685
8692
8696
8700
8704
8712
8715
8721
8722
8733
8734
8740
8743
8751
8755
8777
8788
8801
8805
8810
8813
8816
8823
8831
8832
8833
8834
8835
8843
8850
8853
8856
8861
8865
8878
8887
8889
8898
8911
8915
8923
8926
8932
8933
8944
8945
8951
8954
8962
8966
8988
8999
9114
9118
9125
9129
9136
9141
9147
9152
9158
9163
9169
9174
9181
9185
9192
9196
9215
9219
9224
9227
9235
9238
9242
9246
9249
9251
9253
9257
9264
9268
9272
9275
9279
9283
9286
9291
9294
9297
9316
9325
9328
9338
9349
9352
9361
9382
9383
9394
9411
9417
9422
9426
9429
9439
9447
9448
9449
9458
9459
9462
9469
9471
9474
9484
9485
9492
9493
9494
9495
9496
9512
9518
9521
9523
9527
9532
9548
9549
9572
9581
9584
9594
9613
9619
9624
9628
9631
9642
9649
9668
9679
9682
9686
9691
9694
9697
9714
9722
9725
9729
9741
9744
9752
9769
9792
9796
9811
9815
9823
9826
9832
9833
9844
9845
9851
9854
9862
9866
9888
9899
9912
9916
9921
9924
9927
9934
9942
9943
9944
9945
9946
9954
9961
9964
9967
9972
9976
9989
9998
