1013
1015
1016
1018
1031
1038
1047
1051
1061
1074
1081
1083
1103
1105
1106
1108
1114
1116
1117
1119
1130
1133
1139
1141
1144
1148
1150
1160
1161
1171
1180
1184
1188
1191
1193
1199
1224
1226
1227
1229
1242
1249
1258
1262
1272
1285
1292
1294
1301
1308
1310
1313
1319
1331
1334
1336
1337
1339
1343
1359
1363
1368
1373
1380
1386
1391
1393
1395
1407
1411
1414
1418
1422
1429
1433
1441
1444
1446
1447
1449
1464
1469
1470
1474
1478
1481
1487
1492
1494
1496
1501
1510
1528
1539
1556
1557
1559
1565
1575
1579
1582
1588
1593
1595
1597
1601
1610
1611
1622
1633
1638
1644
1649
1655
1666
1667
1669
1676
1683
1689
1694
1696
1698
1704
1711
1722
1733
1740
1744
1748
1755
1759
1766
1777
1779
1784
1795
1797
1799
1801
1803
1810
1814
1818
1825
1830
1836
1841
1847
1852
1858
1863
1869
1874
1881
1885
1889
1896
1898
1911
1913
1919
1922
1924
1931
1933
1935
1942
1944
1946
1953
1955
1957
1964
1966
1968
1975
1977
1979
1986
1988
1991
1997
1999
2002
2008
2020
2023
2025
2026
2028
2032
2048
2052
2057
2062
2075
2080
2082
2084
2124
2126
2127
2129
2142
2149
2158
2162
2172
2185
2192
2194
2200
2203
2205
2206
2208
2214
2216
2217
2219
2225
2227
2228
2230
2241
2244
2250
2252
2255
2259
2260
2261
2271
2272
2280
2282
2291
2295
2299
2302
2320
2335
2337
2338
2353
2369
2373
2383
2396
2408
2412
2419
2421
2424
2442
2445
2447
2448
2454
2474
2479
2480
2484
2491
2497
2502
2507
2518
2520
2522
2525
2529
2533
2544
2552
2555
2557
2558
2570
2575
2581
2585
2589
2592
2598
2602
2612
2620
2621
2639
2667
2668
2676
2686
2693
2699
2705
2712
2721
2722
2733
2744
2749
2750
2755
2766
2777
2778
2787
2794
2800
2802
2804
2815
2820
2822
2833
2840
2844
2851
2855
2859
2866
2877
2888
2895
2912
2914
2921
2925
2929
2936
2941
2947
2952
2958
2963
2969
2974
2985
2992
2996
3000
3003
3007
3011
3018
3022
3030
3033
3035
3036
3038
3053
3058
3063
3067
3070
3076
3081
3083
3085
3101
3108
3110
3113
3119
3131
3134
3136
3137
3139
3143
3159
3163
3168
3173
3180
3186
3191
3193
3195
3202
3220
3235
3237
3238
3253
3269
3273
3283
3296
3300
3303
3305
3306
3308
3311
3314
3316
3317
3319
3325
3327
3328
3330
3336
3338
3339
3341
3350
3352
3355
3360
3361
3363
3366
3371
3372
3380
3382
3383
3391
3393
3413
3431
3446
3448
3449
3464
3484
3494
3503
3508
3519
3523
3530
3532
3535
3553
3556
3558
3559
3565
3580
3585
3591
3595
3603
3607
3613
3618
3629
3630
3631
3633
3636
3644
3655
3663
3666
3668
3669
3670
3681
3686
3692
3696
3700
3706
3713
3723
3731
3732
3760
3778
3779
3787
3797
3801
3803
3805
3810
3816
3823
3830
3832
3833
3844
3850
3855
3861
3866
3877
3888
3889
3898
3911
3913
3915
3926
3931
3933
3944
3951
3955
3962
3966
3977
3988
3999
4017
4028
4045
4046
4048
4054
4064
4068
4071
4077
4082
4084
4086
4107
4111
4114
4118
4122
4129
4133
4141
4144
4146
4147
4149
4164
4169
4170
4174
4178
4181
4187
4192
4194
4196
4208
4212
4219
4221
4224
4242
4245
4247
4248
4254
4274
4279
4280
4284
4291
4297
4313
4331
4346
4348
4349
4364
4384
4394
4405
4406
4408
4411
4414
4416
4417
4419
4422
4425
4427
4428
4436
4438
4439
4441
4447
4449
4450
4452
4460
4461
4463
4466
4471
4472
4474
4477
4480
4482
4483
4491
4493
4494
4504
4524
4540
4542
4557
4559
4575
4595
4604
4608
4614
4619
4634
4640
4641
4643
4646
4664
4667
4669
4676
4680
4691
4696
4701
4707
4710
4714
4718
4724
4729
4741
4742
4744
4747
4755
4766
4770
4774
4777
4779
4781
4792
4797
4802
4804
4806
4811
4817
4820
4824
4834
4840
4842
4843
4860
4871
4889
4898
4912
4914
4916
4921
4927
4934
4941
4943
4944
4955
4961
4966
4972
4977
4988
4999
5000
5011
5022
5027
5033
5038
5044
5055
5056
5058
5065
5072
5078
5083
5085
5087
5101
5110
5128
5139
5156
5157
5159
5165
5175
5179
5182
5188
5193
5195
5197
5202
5207
5218
5220
5222
5225
5229
5233
5244
5252
5255
5257
5258
5270
5275
5281
5285
5289
5292
5298
5303
5308
5319
5323
5330
5332
5335
5353
5356
5358
5359
5365
5380
5385
5391
5395
5404
5424
5440
5442
5457
5459
5475
5495
5505
5506
5508
5516
5517
5519
5522
5525
5527
5528
5533
5536
5538
5539
5547
5549
5550
5552
5558
5560
5561
5563
5571
5572
5574
5577
5580
5582
5583
5585
5588
5591
5593
5594
5605
5615
5635
5650
5651
5653
5668
5686
5702
5708
5715
5719
5720
5725
5745
5751
5752
5754
5757
5775
5778
5780
5787
5791
5803
5805
5807
5812
5818
5821
5825
5829
5830
5835
5850
5852
5853
5855
5858
5866
5870
5877
5881
5885
5888
5892
5913
5915
5917
5922
5928
5931
5935
5945
5951
5953
5954
5971
5982
6000
6011
6022
6033
6037
6044
6048
6055
6066
6068
6073
6084
6086
6088
6101
6110
6111
6122
6133
6138
6144
6149
6155
6166
6167
6169
6176
6183
6189
6194
6196
6198
6202
6212
6220
6221
6239
6267
6268
6276
6286
6293
6299
6303
6307
6313
6318
6329
6330
6331
6333
6336
6344
6355
6363
6366
6368
6369
6370
6381
6386
6392
6396
6404
6408
6414
6419
6434
6440
6441
6443
6446
6464
6467
6469
6476
6480
6491
6496
6505
6515
6535
6550
6551
6553
6568
6586
6606
6608
6616
6617
6619
6627
6628
6633
6636
6638
6639
6644
6647
6649
6658
6660
6661
6663
6669
6671
6672
6674
6680
6682
6683
6685
6688
6691
6693
6694
6696
6699
6703
6716
6726
6730
6746
6761
6762
6764
6779
6797
6804
6806
6808
6813
6819
6826
6831
6836
6840
6856
6860
6862
6863
6865
6868
6880
6886
6889
6891
6898
6914
6916
6918
6923
6929
6932
6936
6941
6946
6961
6963
6964
6966
6969
6977
6981
6988
6992
6996
6999
7003
7007
7014
7025
7030
7036
7041
7047
7052
7058
7063
7070
7074
7078
7085
7087
7104
7111
7122
7133
7140
7144
7148
7155
7159
7166
7177
7179
7184
7195
7197
7199
7205
7212
7221
7222
7233
7244
7249
7250
7255
7266
7277
7278
7287
7294
7300
7306
7313
7323
7331
7332
7360
7378
7379
7387
7397
7401
7407
7410
7414
7418
7424
7429
7441
7442
7444
7447
7455
7466
7470
7474
7477
7479
7481
7492
7497
7502
7508
7515
7519
7520
7525
7545
7551
7552
7554
7557
7575
7578
7580
7587
7591
7603
7616
7626
7630
7646
7661
7662
7664
7679
7697
7700
7704
7708
7717
7719
7727
7728
7738
7739
7740
7744
7747
7749
7755
7758
7769
7771
7772
7774
7780
7782
7783
7785
7791
7793
7794
7796
7799
7805
7807
7814
7827
7837
7841
7850
7857
7870
7872
7873
7875
7915
7917
7919
7924
7937
7942
7947
7951
7967
7971
7973
7974
7976
7979
7991
7997
8000
8002
8008
8011
8013
8020
8022
8024
8031
8033
8035
8042
8044
8046
8053
8055
8057
8064
8066
8068
8075
8077
8080
8086
8088
8101
8103
8110
8114
8118
8125
8130
8136
8141
8147
8152
8158
8163
8169
8174
8181
8185
8189
8196
8198
8200
8202
8204
8215
8220
8222
8233
8240
8244
8251
8255
8259
8266
8277
8288
8295
8301
8303
8305
8310
8316
8323
8330
8332
8333
8344
8350
8355
8361
8366
8377
8388
8389
8398
8402
8404
8406
8411
8417
8420
8424
8434
8440
8442
8443
8460
8471
8489
8498
8503
8505
8507
8512
8518
8521
8525
8529
8530
8535
8550
8552
8553
8555
8558
8566
8570
8577
8581
8585
8588
8592
8604
8606
8608
8613
8619
8626
8631
8636
8640
8656
8660
8662
8663
8665
8668
8680
8686
8689
8691
8698
8705
8707
8714
8727
8737
8741
8750
8757
8770
8772
8773
8775
8800
8806
8808
8811
8815
8819
8828
8838
8839
8849
8851
8855
8858
8860
8866
8869
8880
8882
8883
8885
8891
8893
8894
8896
8916
8918
8925
8938
8948
8952
8961
8968
8981
8983
8984
8986
9111
9113
9119
9122
9124
9131
9133
9135
9142
9144
9146
9153
9155
9157
9164
9166
9168
9175
9177
9179
9186
9188
9191
9197
9199
9212
9214
9221
9225
9229
9236
9241
9247
9252
9258
9263
9269
9274
9285
9292
9296
9311
9313
9315
9326
9331
9333
9344
9351
9355
9362
9366
9377
9388
9399
9412
9414
9416
9421
9427
9434
9441
9443
9444
9455
9461
9466
9472
9477
9488
9499
9513
9515
9517
9522
9528
9531
9535
9545
9551
9553
9554
9571
9582
9614
9616
9618
9623
9629
9632
9636
9641
9646
9661
9663
9664
9666
9669
9677
9681
9688
9692
9696
9699
9715
9717
9719
9724
9737
9742
9747
9751
9767
9771
9773
9774
9776
9779
9791
9797
9816
9818
9825
9838
9848
9852
9861
9868
9881
9883
9884
9886
9911
9917
9919
9922
9926
9939
9949
9962
9966
9969
9971
9977
9991
9993
9994
9996
