1004
1005
1006
1024
1025
1026
1035
1040
1042
1050
1052
1053
1059
1060
1062
1068
1069
1079
1086
1095
1096
1097
1125
1126
1127
1136
1152
1162
1163
1169
1172
1196
1204
1205
1206
1215
1216
1217
1235
1236
1237
1240
1246
1250
1251
1253
1260
1261
1263
1264
1271
1273
1279
1297
1305
1316
1325
1326
1327
1345
1346
1347
1350
1352
1354
1356
1361
1362
1364
1365
1372
1374
1389
1398
1400
1402
1420
1426
1435
1436
1437
1453
1455
1456
1457
1462
1463
1465
1466
1473
1475
1499
1500
1502
1503
1509
1512
1520
1521
1523
1530
1532
1534
1536
1543
1545
1546
1547
1554
1563
1564
1566
1567
1574
1576
1590
1600
1602
1608
1609
1612
1613
1619
1620
1621
1623
1624
1631
1632
1634
1635
1642
1643
1645
1646
1653
1654
1656
1657
1664
1665
1675
1677
1680
1690
1691
1709
1712
1721
1723
1729
1732
1734
1743
1745
1754
1756
1765
1767
1776
1790
1792
1806
1839
1860
1893
1905
1906
1907
1916
1927
1938
1949
1950
1960
1961
1970
1972
1983
1994
2005
2014
2015
2016
2034
2035
2036
2041
2043
2045
2050
2051
2053
2054
2061
2063
2069
2078
2079
2087
2089
2096
2097
2098
2104
2105
2106
2115
2116
2117
2135
2136
2137
2140
2146
2150
2151
2153
2160
2161
2163
2164
2171
2173
2179
2197
2236
2237
2238
2247
2263
2273
2274
2283
2304
2305
2306
2315
2316
2317
2326
2327
2328
2340
2346
2347
2348
2350
2351
2357
2360
2361
2362
2364
2371
2372
2374
2375
2382
2384
2401
2403
2405
2410
2416
2427
2430
2436
2437
2438
2450
2456
2457
2458
2461
2463
2465
2467
2472
2473
2475
2476
2483
2485
2500
2501
2503
2504
2510
2511
2513
2530
2531
2537
2540
2546
2547
2548
2564
2566
2567
2568
2573
2574
2576
2577
2584
2586
2601
2603
2609
2610
2611
2613
2614
2623
2630
2631
2632
2634
2641
2643
2645
2647
2654
2656
2657
2658
2665
2674
2675
2677
2678
2685
2687
2690
2708
2709
2711
2713
2719
2723
2724
2731
2732
2734
2735
2742
2743
2745
2746
2753
2754
2756
2757
2764
2765
2767
2768
2775
2776
2780
2786
2788
2790
2791
2807
2809
2823
2832
2834
2843
2845
2854
2856
2865
2867
2870
2876
2878
2887
2890
2906
2907
2908
2917
2960
2970
2971
2980
3015
3024
3025
3026
3042
3044
3045
3046
3051
3052
3054
3055
3062
3064
3079
3088
3089
3097
3098
3099
3105
3116
3125
3126
3127
3145
3146
3147
3150
3152
3154
3156
3161
3162
3164
3165
3172
3174
3189
3198
3204
3205
3206
3215
3216
3217
3226
3227
3228
3240
3246
3247
3248
3250
3251
3257
3260
3261
3262
3264
3271
3272
3274
3275
3282
3284
3347
3348
3349
3358
3374
3384
3385
3394
3402
3404
3405
3406
3415
3416
3417
3420
3426
3427
3428
3437
3438
3439
3440
3450
3451
3457
3458
3459
3460
3461
3462
3468
3471
3472
3473
3475
3482
3483
3485
3486
3493
3495
3501
3502
3504
3505
3510
3512
3514
3516
3520
3521
3527
3538
3540
3541
3547
3548
3549
3550
3561
3567
3568
3569
3572
3574
3576
3578
3583
3584
3586
3587
3594
3596
3602
3604
3611
3612
3614
3615
3620
3621
3622
3624
3640
3641
3642
3648
3651
3657
3658
3659
3675
3677
3678
3679
3684
3685
3687
3688
3695
3697
3709
3712
3714
3721
3722
3724
3725
3734
3741
3742
3743
3745
3752
3754
3756
3758
3765
3767
3768
3769
3776
3785
3786
3788
3789
3790
3796
3798
3808
3809
3819
3822
3824
3834
3835
3842
3843
3845
3846
3853
3854
3856
3857
3864
3865
3867
3868
3875
3876
3878
3879
3880
3886
3887
3890
3891
3897
3899
3907
3908
3909
3918
3934
3943
3945
3954
3956
3965
3967
3970
3976
3978
3980
3981
3987
3989
3990
3998
4001
4009
4010
4012
4021
4023
4025
4032
4034
4035
4036
4043
4052
4053
4055
4056
4063
4065
4089
4090
4098
4099
4100
4102
4120
4126
4135
4136
4137
4153
4155
4156
4157
4162
4163
4165
4166
4173
4175
4199
4201
4203
4205
4210
4216
4227
4230
4236
4237
4238
4250
4256
4257
4258
4261
4263
4265
4267
4272
4273
4275
4276
4283
4285
4302
4304
4305
4306
4315
4316
4317
4320
4326
4327
4328
4337
4338
4339
4340
4350
4351
4357
4358
4359
4360
4361
4362
4368
4371
4372
4373
4375
4382
4383
4385
4386
4393
4395
4403
4430
4458
4459
4469
4485
4495
4496
4502
4503
4505
4506
4513
4515
4516
4517
4520
4526
4527
4528
4530
4531
4537
4538
4539
4548
4549
4550
4551
4560
4561
4562
4568
4569
4571
4572
4573
4579
4582
4583
4584
4586
4593
4594
4596
4597
4603
4605
4612
4613
4615
4616
4621
4623
4625
4627
4630
4631
4632
4638
4649
4650
4651
4652
4658
4659
4661
4672
4678
4679
4683
4685
4687
4689
4694
4695
4697
4698
4713
4715
4722
4723
4725
4726
4731
4732
4733
4735
4751
4752
4753
4759
4762
4768
4769
4786
4788
4789
4795
4796
4798
4799
4809
4823
4825
4832
4833
4835
4836
4845
4852
4853
4854
4856
4863
4865
4867
4869
4876
4878
4879
4887
4890
4896
4897
4899
4900
4908
4909
4919
4933
4935
4945
4946
4953
4954
4956
4957
4964
4965
4967
4968
4975
4976
4978
4979
4980
4986
4987
4989
4990
4991
4997
4998
5001
5002
5008
5009
5010
5012
5013
5019
5020
5021
5023
5024
5031
5032
5034
5035
5042
5043
5045
5046
5053
5054
5064
5066
5080
5090
5091
5099
5100
5102
5103
5109
5112
5120
5121
5123
5130
5132
5134
5136
5143
5145
5146
5147
5154
5163
5164
5166
5167
5174
5176
5190
5200
5201
5203
5204
5210
5211
5213
5230
5231
5237
5240
5246
5247
5248
5264
5266
5267
5268
5273
5274
5276
5277
5284
5286
5301
5302
5304
5305
5310
5312
5314
5316
5320
5321
5327
5338
5340
5341
5347
5348
5349
5350
5361
5367
5368
5369
5372
5374
5376
5378
5383
5384
5386
5387
5394
5396
5402
5403
5405
5406
5413
5415
5416
5417
5420
5426
5427
5428
5430
5431
5437
5438
5439
5448
5449
5450
5451
5460
5461
5462
5468
5469
5471
5472
5473
5479
5482
5483
5484
5486
5493
5494
5496
5497
5503
5504
5514
5530
5540
5541
5569
5596
5604
5606
5613
5614
5616
5617
5624
5626
5627
5628
5631
5637
5638
5639
5640
5641
5642
5648
5649
5659
5660
5661
5662
5671
5672
5673
5679
5682
5683
5684
5693
5694
5695
5697
5714
5716
5723
5724
5726
5727
5732
5734
5736
5738
5741
5742
5743
5749
5761
5762
5763
5769
5772
5783
5789
5794
5796
5798
5800
5824
5826
5833
5834
5836
5837
5842
5843
5844
5846
5862
5863
5864
5873
5879
5897
5899
5900
5901
5909
5910
5934
5936
5943
5944
5946
5947
5956
5963
5964
5965
5967
5974
5976
5978
5987
5989
5990
5998
6001
6009
6010
6012
6018
6019
6021
6023
6029
6032
6034
6043
6045
6054
6056
6065
6081
6090
6091
6092
6100
6102
6108
6109
6112
6113
6119
6120
6121
6123
6124
6131
6132
6134
6135
6142
6143
6145
6146
6153
6154
6156
6157
6164
6165
6175
6177
6180
6190
6191
6201
6203
6209
6210
6211
6213
6214
6223
6230
6231
6232
6234
6241
6243
6245
6247
6254
6256
6257
6258
6265
6274
6275
6277
6278
6285
6287
6290
6302
6304
6311
6312
6314
6315
6320
6321
6322
6324
6340
6341
6342
6348
6351
6357
6358
6359
6375
6377
6378
6379
6384
6385
6387
6388
6395
6397
6403
6405
6412
6413
6415
6416
6421
6423
6425
6427
6430
6431
6432
6438
6449
6450
6451
6452
6458
6459
6461
6472
6478
6479
6483
6485
6487
6489
6494
6495
6497
6498
6504
6506
6513
6514
6516
6517
6524
6526
6527
6528
6531
6537
6538
6539
6540
6541
6542
6548
6549
6559
6560
6561
6562
6571
6572
6573
6579
6582
6583
6584
6593
6594
6595
6597
6605
6614
6615
6625
6641
6650
6651
6652
6715
6717
6724
6725
6727
6728
6735
6737
6738
6739
6742
6748
6749
6751
6752
6753
6759
6771
6772
6773
6782
6783
6784
6793
6794
6795
6801
6810
6825
6827
6834
6835
6837
6838
6843
6845
6847
6849
6852
6853
6854
6872
6873
6874
6883
6894
6900
6901
6902
6910
6911
6920
6935
6937
6944
6945
6947
6948
6953
6954
6955
6957
6973
6974
6975
6984
7019
7028
7029
7039
7082
7091
7092
7093
7109
7112
7121
7123
7129
7132
7134
7143
7145
7154
7156
7165
7167
7176
7190
7192
7208
7209
7211
7213
7219
7223
7224
7231
7232
7234
7235
7242
7243
7245
7246
7253
7254
7256
7257
7264
7265
7267
7268
7275
7276
7280
7286
7288
7290
7291
7309
7312
7314
7321
7322
7324
7325
7334
7341
7342
7343
7345
7352
7354
7356
7358
7365
7367
7368
7369
7376
7385
7386
7388
7389
7390
7396
7398
7413
7415
7422
7423
7425
7426
7431
7432
7433
7435
7451
7452
7453
7459
7462
7468
7469
7486
7488
7489
7495
7496
7498
7499
7514
7516
7523
7524
7526
7527
7532
7534
7536
7538
7541
7542
7543
7549
7561
7562
7563
7569
7572
7583
7589
7594
7596
7598
7615
7617
7624
7625
7627
7628
7635
7637
7638
7639
7642
7648
7649
7651
7652
7653
7659
7671
7672
7673
7682
7683
7684
7693
7694
7695
7716
7725
7726
7736
7752
7761
7762
7763
7802
7820
7826
7828
7835
7836
7838
7839
7846
7848
7849
7853
7859
7862
7863
7864
7882
7883
7884
7893
7894
7895
7901
7902
7903
7910
7912
7920
7921
7930
7936
7938
7945
7946
7948
7949
7954
7956
7958
7963
7964
7965
7983
7984
7985
7994
8005
8016
8027
8029
8038
8039
8049
8050
8061
8072
8083
8092
8093
8094
8106
8139
8160
8193
8207
8209
8223
8232
8234
8243
8245
8254
8256
8265
8267
8270
8276
8278
8287
8290
8308
8309
8319
8322
8324
8334
8335
8342
8343
8345
8346
8353
8354
8356
8357
8364
8365
8367
8368
8375
8376
8378
8379
8380
8386
8387
8390
8391
8397
8399
8409
8423
8425
8432
8433
8435
8436
8445
8452
8453
8454
8456
8463
8465
8467
8469
8476
8478
8479
8487
8490
8496
8497
8499
8500
8524
8526
8533
8534
8536
8537
8542
8543
8544
8546
8562
8563
8564
8573
8579
8597
8599
8601
8610
8625
8627
8634
8635
8637
8638
8643
8645
8647
8649
8652
8653
8654
8672
8673
8674
8683
8694
8702
8720
8726
8728
8735
8736
8738
8739
8746
8748
8749
8753
8759
8762
8763
8764
8782
8783
8784
8793
8794
8795
8803
8827
8830
8836
8837
8847
8863
8872
8873
8874
8902
8903
8904
8913
8920
8930
8931
8937
8939
8940
8946
8947
8949
8957
8959
8964
8973
8974
8975
8993
8994
8995
9004
9005
9006
9015
9016
9017
9026
9027
9028
9037
9038
9039
9040
9048
9049
9050
9051
9059
9060
9061
9062
9071
9072
9073
9082
9083
9084
9093
9094
9095
9105
9106
9107
9116
9127
9138
9149
9150
9160
9161
9170
9172
9183
9194
9206
9207
9208
9217
9260
9270
9271
9280
9307
9308
9309
9318
9334
9343
9345
9354
9356
9365
9367
9370
9376
9378
9380
9381
9387
9389
9390
9398
9400
9408
9409
9419
9433
9435
9445
9446
9453
9454
9456
9457
9464
9465
9467
9468
9475
9476
9478
9479
9480
9486
9487
9489
9490
9491
9497
9498
9500
9501
9509
9510
9534
9536
9543
9544
9546
9547
9556
9563
9564
9565
9567
9574
9576
9578
9587
9589
9590
9598
9600
9601
9602
9610
9611
9620
9635
9637
9644
9645
9647
9648
9653
9654
9655
9657
9673
9674
9675
9684
9701
9702
9703
9710
9712
9720
9721
9730
9736
9738
9745
9746
9748
9749
9754
9756
9758
9763
9764
9765
9783
9784
9785
9794
9802
9803
9804
9813
9820
9830
9831
9837
9839
9840
9846
9847
9849
9857
9859
9864
9873
9874
9875
9893
9894
9895
9903
9904
9905
9914
9930
9938
9940
9941
9947
9948
9950
9958
9974
9983
9984
9985
