9
18
25
36
49
50
72
98
100
121
144
169
196
200
242
288
289
338
361
392
400
484
529
576
578
676
722
784
800
841
961
968
1058
1152
1156
1352
1369
1444
1568
1600
1681
1682
1849
1922
1936
2116
2209
2304
2312
2704
2738
2809
2888
3136
3200
3362
3364
3481
3698
3721
3844
3872
4232
4418
4489
4608
4624
5041
5329
5408
5476
5618
5776
6241
6272
6400
6724
6728
6889
6962
7396
7442
7688
7744
7921
8464
8836
8978
9216
9248
9409
10082
10201
10609
10658
10816
10952
11236
11449
11552
11881
12482
12544
12769
12800
13448
13456
13778
13924
14792
14884
15376
15488
15842
16129
16928
17161
17672
17956
18432
18496
18769
18818
19321
20164
20402
21218
21316
21632
21904
22201
22472
22801
22898
23104
23762
24649
24964
25088
25538
25600
26569
26896
26912
27556
27848
27889
29584
29768
29929
30752
30976
31684
32041
32258
32761
33856
34322
35344
35912
36481
36864
36992
37249
37538
37636
38642
38809
39601
40328
40804
42436
42632
43264
43808
44402
44521
44944
45602
45796
46208
47524
49298
49729
49928
50176
51076
51200
51529
52441
53138
53792
53824
54289
55112
55696
55778
57121
58081
59168
59536
59858
61504
61952
63001
63368
64082
64516
65522
66049
67712
68644
69169
70688
71824
72361
72962
73441
73728
73984
74498
75076
75272
76729
77284
77618
78961
79202
80089
80656
81608
84872
85264
85849
86528
87616
88804
89042
89888
91204
91592
92416
94249
95048
96721
97969
98596
99458
99856
100352
100489
102152
102400
103058
104882
106276
107584
107648
108578
109561
110224
111392
111556
113569
114242
116162
118336
119072
119716
120409
121801
123008
123904
124609
126002
126736
128164
128881
129032
131044
132098
134689
135424
137288
138338
139129
141376
143641
143648
144722
145924
146689
146882
147456
147968
148996
150152
150544
151321
153458
154568
155236
157609
157922
158404
160178
160801
161312
163216
167281
169744
170528
171698
173056
175232
175561
177241
177608
178084
179776
182408
183184
184832
185761
187489
188498
190096
192721
193442
195938
196249
197192
198916
199712
200704
200978
201601
204304
204800
206116
208849
209764
212521
212552
214369
215168
215296
217156
218089
219122
220448
222784
223112
227138
228484
229441
232324
236672
237169
238144
239432
240818
241081
243602
246016
247808
249001
249218
252004
253009
253472
256328
257762
258064
259081
262088
264196
269378
270848
271441
273529
274576
276676
278258
282752
287282
287296
289444
291848
292681
293378
293764
294912
295936
297992
299209
300304
301088
302642
306916
309136
310249
310472
315218
315844
316808
316969
320356
321602
322624
323761
326041
326432
332929
334562
339488
341056
343396
344569
346112
350464
351122
351649
354482
355216
356168
358801
359552
361201
364816
366368
368449
369664
371522
374978
375769
376996
380192
380689
383161
385442
386884
391876
392498
394384
397832
398161
399424
401408
401956
403202
408608
409600
410881
412232
413449
417698
418609
419528
425042
425104
426409
428738
430336
430592
434281
434312
436178
436921
438244
440896
445568
446224
452929
454276
456968
458329
458882
464648
466489
473344
474338
476288
477481
478864
481636
482162
487204
491401
492032
495616
498002
498436
502681
504008
506018
506944
512656
515524
516128
516961
518162
524176
528392
528529
537289
538756
541696
542882
546121
547058
549152
552049
553352
556516
564001
565504
573049
574564
574592
578888
579121
583696
585362
586756
587528
589824
591361
591872
595984
597529
598418
600608
602176
605284
613832
618272
619369
620498
620944
630436
631688
633616
633938
635209
640712
643204
645248
647522
652082
652864
654481
657721
665858
669124
674041
677329
678976
682112
683929
686792
687241
689138
692224
700928
702244
703298
703921
708964
710432
712336
717602
719104
722402
727609
729632
732736
734449
736898
737881
739328
743044
744769
749956
751538
753992
760384
761378
766322
769129
770884
773768
776161
779689
783752
784996
786769
788768
795664
796322
798848
802816
803912
806404
817216
819200
821762
822649
824464
826898
829921
835396
837218
839056
844561
850084
850208
852818
857476
860672
861184
863041
868562
868624
872356
873842
876488
877969
881792
885481
891136
892448
896809
905858
908209
908552
913936
916658
917764
929296
932978
935089
942841
946688
948676
952576
954529
954962
957728
963272
964324
966289
974408
982081
982802
984064
991232
994009
996004
996872
