225
441
450
882
900
1089
1225
1521
1764
1800
2178
2450
2601
3025
3042
3249
3528
3600
4225
4356
4761
4900
5202
5929
6050
6084
6498
6561
7056
7200
7225
7569
8281
8450
8649
8712
9025
9522
9800
10404
11858
12100
12168
12321
12996
13122
13225
14112
14161
14400
14450
15129
15138
16562
16641
16900
17298
17424
17689
18050
19044
19600
19881
20449
20808
21025
23716
24025
24200
24336
24642
25281
25921
25992
26244
26450
28224
28322
28800
28900
30258
30276
31329
33124
33282
33489
33800
34225
34596
34848
34969
35378
36100
38088
39200
39762
40401
40898
41209
41616
42025
42050
43681
45369
46225
47089
47432
47961
48050
48400
48672
48841
49284
50562
51842
51984
52488
52900
55225
56169
56448
56644
57600
57800
60516
60552
61009
62001
62658
64009
66248
66564
66978
67081
67600
68450
69192
69696
69938
70225
70756
71289
72200
76176
78400
79524
80802
81796
82369
82418
83232
84050
84100
84681
87025
87362
89401
90601
90738
91809
92450
93025
94178
94864
95481
95922
96100
96800
97344
97682
98568
101124
101761
103041
103684
103968
104329
104976
105800
106929
108241
110450
112225
112338
112896
113288
114921
115200
115600
116281
121032
121104
122018
124002
125316
126025
128018
132496
133128
133225
133956
134162
135200
136900
137641
138384
139392
139876
140450
141512
142129
142578
144400
145161
152352
152881
154449
156025
156800
159048
161604
162409
163592
164738
164836
165649
166464
168100
168200
168921
169362
170569
172225
173889
174050
174724
178802
181202
181476
182329
183618
184900
186050
188356
189728
190962
190969
191844
192200
193600
194688
195364
197136
198025
199809
202248
203401
203522
205209
206082
207368
207936
208658
209952
211600
213858
216482
219961
220900
221841
223729
224450
224676
225792
226576
229842
230400
231200
231361
232562
235225
239121
242064
242208
243049
244036
247009
248004
250632
251001
252050
255025
256036
261121
264992
265225
266256
266450
267289
267912
268324
269361
270400
273800
275282
276768
277729
278784
279752
280900
283024
284089
284258
285156
286225
288369
288800
290322
294849
297025
303601
304704
305762
305809
308898
312050
312481
313600
318096
319225
323208
324818
327184
328329
329476
329672
331298
332928
335241
336200
336400
337561
337842
338724
339889
341138
344450
346921
347778
348100
349281
349448
356409
357604
362404
362952
364658
367236
369800
372100
373321
376712
379456
381924
381938
383688
384400
387200
388129
389376
390625
390728
394272
395641
396050
399618
400689
403225
404496
406802
407044
410418
412164
414736
415872
417316
419904
421201
423200
427716
429025
432964
439922
441800
443682
444889
447458
447561
448900
449352
450241
451584
453152
459684
460800
461041
462400
462722
463761
465124
469225
470450
471969
474721
478242
483025
484128
484416
485809
486098
488072
488601
494018
494209
496008
499849
501264
502002
504100
508369
510050
512072
514089
519841
522242
522729
529984
530450
532512
532900
534361
534578
535824
536648
538722
540800
543169
547600
550564
553536
555025
555458
557568
559504
561001
561800
566048
567009
568178
568516
570025
570312
572450
576738
577600
580644
582169
588289
589698
594050
594441
606841
607202
609408
609961
611524
611618
616225
617796
622521
624100
624962
625681
627200
628849
636192
638401
638450
644809
646416
649636
651249
654368
656658
658952
659344
660969
662596
664225
665856
667489
670482
672400
672800
675122
675684
677448
679778
682276
688900
690561
693842
695556
696200
697225
698562
698896
710649
712818
715208
720801
724201
724808
725904
729316
734472
739600
744200
746642
748225
753424
755161
758641
758912
763848
763876
767376
768800
772641
774400
776258
778752
781250
781456
788544
790321
791282
792100
797449
799236
801025
801378
806450
808201
808992
811801
813604
814088
819025
820836
824328
829472
831744
833569
834632
839808
840889
842402
846400
848241
851929
855432
858050
865928
870489
879844
881721
883600
887364
889249
889778
894916
895122
897800
898704
900482
900601
903168
904401
906304
912025
919368
919681
921600
922082
924800
925444
927522
930248
931225
938450
940900
943938
946729
949442
956484
958441
966050
968256
968832
970225
971618
972196
976144
977202
978121
986049
988036
988418
990025
992016
999698
