405
567
810
891
1053
1134
1377
1539
1620
1782
1863
1875
2106
2268
2349
2511
2754
2997
3078
3240
3321
3483
3564
3726
3750
3807
4212
4293
4375
4536
4698
4779
4941
5022
5427
5508
5751
5913
5994
6156
6399
6480
6642
6723
6875
6966
7128
7203
7209
7452
7500
7614
7857
8125
8181
8343
8424
8586
8667
8750
8829
9072
9153
9396
9558
9882
10044
10287
10611
10625
10854
11016
11097
11259
11502
11826
11875
11988
12005
12069
12231
12312
12717
12798
12960
13203
13284
13446
13527
13750
13932
14013
14256
14375
14406
14418
14499
14661
14904
15000
15228
15471
15633
15714
15957
16119
16250
16362
16686
16848
17091
17172
17334
17500
17658
18063
18125
18144
18306
18387
18549
18792
18873
19116
19359
19375
19521
19683
19764
20088
20331
20574
20817
21222
21250
21303
21708
21789
21951
22032
22194
22437
22518
22761
22923
23004
23125
23652
23733
23750
23976
24010
24138
24462
24624
24867
25191
25353
25434
25596
25625
25677
25920
26406
26411
26568
26811
26875
26892
27054
27297
27500
27864
28026
28107
28269
28512
28593
28750
28812
28836
28998
29079
29322
29375
29727
29808
30000
30213
30456
30699
30942
31023
31213
31266
31428
31509
31914
32157
32238
32481
32500
32724
33125
33129
33372
33696
33939
34101
34182
34344
34668
34911
35000
35073
35316
35559
35883
36126
36250
36288
36369
36612
36774
36875
37017
37098
37341
37503
37584
37746
37827
38125
38232
38718
38750
38799
39042
39366
39447
39528
39771
40176
40419
40662
40743
40817
41148
41229
41634
41875
42201
42363
42444
42500
42606
43416
43578
43821
43902
43923
44064
44307
44375
44388
44874
45036
45117
45522
45603
45619
45625
45846
46008
46089
46250
46251
46737
47304
47466
47500
47547
47952
48020
48033
48276
48519
48681
48924
49167
49248
49375
49653
49734
49977
50139
50382
50706
50868
51111
51192
51250
51354
51840
51875
51921
52083
52407
52812
52822
52893
53136
53379
53541
53622
53750
53784
54108
54513
54594
54837
55000
55223
55323
55625
55728
55971
56052
56214
56538
56781
57024
57186
57429
57500
57624
57672
57996
58158
58239
58644
58750
58887
59373
59454
59616
59859
60000
60183
60426
60625
60831
60912
61317
61398
61641
61884
62046
62289
62426
62532
62613
62856
63018
63125
63747
63828
64314
64375
64476
64557
64962
65000
65448
65529
65691
66250
66258
66501
66663
66744
66875
66987
67149
67392
67878
67959
68125
68202
68364
68688
69093
69336
69417
69579
69629
69822
69903
70000
70146
70625
70632
71037
71118
71361
71523
71766
71847
72252
72500
72576
72738
73205
73224
73467
73548
73750
73791
74034
74196
74431
74439
74682
75006
75168
75249
75492
75654
75897
76221
76250
76464
76707
77193
77436
77500
77598
78084
78327
78651
78732
78894
79056
79137
79375
79542
79623
80271
80352
80757
80838
81324
81486
81634
81729
81875
82053
82296
82458
82539
82701
83268
83511
83673
83750
84159
84402
84726
84888
84969
85000
85131
85212
85625
85683
85941
86103
86589
86832
86875
87156
87642
87804
87846
88047
88128
88371
88533
88614
88750
88776
88837
88857
89343
89748
89829
90072
90234
90477
90963
91044
91206
91238
91250
91449
91692
92016
92178
92500
92502
93125
93231
93393
93474
94203
94375
94608
94851
94932
95000
95094
95661
95904
96040
96066
96147
96552
96633
97038
97281
97362
97848
98125
98253
98334
98441
98496
98577
98750
99063
99306
99468
99549
99711
99954
100197
100278
100764
101169
101412
101736
101875
101979
102222
102384
102487
102500
102708
103243
103437
103599
103680
103750
103842
103923
104166
104375
104409
104571
104814
105057
105381
105543
105624
105644
105786
105867
106272
106758
106839
107001
107082
107244
107487
107500
107568
108125
108216
109026
109188
109674
110000
110241
110446
110646
110727
111213
111250
111456
111861
111875
111942
112104
112428
112847
113076
113125
113319
113562
114048
114129
114372
114858
115000
115248
115263
115344
115587
115749
115992
116073
116316
116478
116559
117207
117288
117500
117531
117693
117774
118179
118746
118908
119151
119232
119375
119718
119961
120000
120123
120366
120447
120609
120625
120852
120933
121250
121419
121662
121824
122391
122634
122796
123125
123282
123363
123768
124011
124092
124375
124578
124852
124983
125064
125226
125469
125712
125793
126036
126250
126279
126927
127251
127253
127494
127656
127899
128223
128628
128750
128952
129114
129357
129681
129924
130000
130167
130329
130653
130896
131058
131139
131301
131382
131787
131875
132500
132516
132597
133002
133326
133488
133750
133974
134217
134298
134703
134784
135027
135189
135756
135918
136250
136404
136728
137133
137376
137457
137619
138186
138429
138672
138834
139158
139258
139375
139401
139563
139644
139806
140000
140292
140373
141021
141250
141264
141507
141659
141875
141993
142074
142236
142479
142722
142805
143046
143125
143532
143694
143937
144423
144504
144747
144909
145000
145152
145476
145625
145881
146410
146448
146461
146691
146934
147096
147500
147582
147663
148068
148311
148392
148862
148878
149364
149375
149607
150012
150336
150498
150625
150741
150984
151227
151308
151551
151713
151794
152037
152199
152442
152500
152928
153009
153414
153981
154386
154467
154872
154953
155000
155196
156168
156411
156573
156654
156875
157302
157464
157788
157869
158031
158112
158274
158750
159084
159246
159813
160299
160542
160625
160704
160867
160947
161433
161514
161676
161757
161919
162243
162648
162891
162972
163268
163377
163458
163750
164106
164187
164349
164375
164592
164916
165078
165159
165402
166293
166536
167022
167103
167346
167500
167589
168125
168318
168561
168723
168804
169047
169209
169375
169452
169776
169938
170000
170019
170262
170424
170471
170991
171153
171250
171366
171882
172206
172449
172611
173097
173125
173178
173421
173583
173664
173750
174312
174393
175041
175273
175284
175608
175625
175692
176094
176256
176499
176742
176875
177066
177228
177500
177552
177674
177714
178443
178686
178767
179253
179496
179658
179901
180144
180468
180954
181197
181359
181683
181926
182088
182331
182412
182476
182500
182898
183125
183384
183627
183789
184032
184113
184356
184761
185000
185004
185247
185733
186057
186250
186462
186786
186948
187029
187191
188406
188750
188973
189216
189459
189621
189679
189702
189864
190000
190107
190188
190333
190431
190917
191322
191808
191875
192051
192080
192132
192294
192537
192861
193023
193104
193266
193509
193833
194076
194319
194375
194562
194724
195291
195625
195696
195777
196250
196263
196506
196668
196882
196992
197154
197397
197500
197721
198125
198126
198207
198612
198936
199098
199179
199283
199422
199827
199908
199927
200313
200394
200556
200637
201528
202338
202743
202824
203472
203750
203958
204201
204444
204768
204974
205000
205011
205416
205659
205983
206469
206486
206631
206874
206875
207117
207198
207360
207500
207684
207846
208332
208750
208818
208899
209142
209628
209871
210033
210114
210625
210762
211086
211248
211288
211329
211572
211734
211977
212301
212544
213273
213516
213678
213689
214002
214164
214407
214488
214974
215000
215136
215217
215379
215703
216250
216351
216432
216837
216875
217323
217647
217809
218052
218125
218133
218376
218619
219267
219348
219591
219753
220000
220239
220482
220625
220892
221049
221211
221292
221454
222021
222426
222500
222669
222912
222993
223722
223750
223884
224127
224208
224375
224856
224937
225694
225909
226071
226152
226250
226557
226638
226881
227043
227124
228096
228258
228339
228744
229375
229473
229716
229797
230000
230283
230496
230526
230688
230931
231174
231417
231498
231741
231984
232146
232632
232897
232956
233118
233125
233199
233847
234414
234576
234657
235000
235062
235143
235386
235548
235629
236277
236358
236875
237087
237492
237816
238059
238302
238464
238750
239193
239375
239436
239517
239922
240000
240003
240246
240489
240651
240732
240894
241218
241250
241704
241866
242500
242501
242838
242919
243081
243125
243324
243648
243891
244539
244782
244863
245268
245592
245997
246250
246321
246564
246726
246969
247303
247536
247941
248022
248125
248184
248427
248750
248897
249156
249399
249704
249723
249966
250128
250209
250452
250563
250625
250938
251424
251586
251829
252072
252500
252558
252639
252801
253854
254097
254502
254506
254988
255312
255625
255798
256203
256446
256527
256689
256907
257256
257500
257661
257904
258147
258228
258471
258714
259362
259443
259848
259929
260000
260334
260577
260658
260901
261306
261549
261709
261792
261875
262116
262278
262602
262764
263125
263331
263493
263574
263750
263817
263979
264951
265000
265032
265194
266004
266652
266976
267219
267381
267500
267867
267948
268353
268434
268596
268839
269163
269375
269406
269568
269649
269811
270054
270378
270625
270783
271107
271313
271512
271836
272079
272241
272500
272808
273051
273213
273456
274266
274375
274509
274671
274752
274914
275238
275967
276372
276453
276858
276875
277344
277668
278073
278179
278316
278516
278750
278802
279126
279288
279369
279612
280000
280017
280341
280503
280584
280625
280746
280827
280989
282042
282500
282528
282771
283014
283318
283419
283750
283986
284148
284391
284472
284877
284958
285444
285610
285625
285687
285849
286092
286173
286250
286659
286821
287064
287307
287388
287874
288117
288125
288279
288846
289008
289251
289375
289494
289818
290000
290061
290223
290304
290952
291033
291250
291762
291875
292167
292653
292820
292896
292922
292977
293382
293463
293868
294111
294192
294597
295000
295083
295164
295326
296136
296379
296622
296784
297351
297513
297724
297756
297837
298728
298750
298971
299214
299375
299457
299781
300024
300429
300672
300996
301239
301250
301482
301887
301968
302373
302454
302616
302859
303102
303426
303588
304074
304375
304398
304641
304884
304927
305000
305127
305289
305856
306018
306099
306828
306875
307233
307557
307962
308043
308772
308934
309501
309663
309744
309906
310000
310392
310473
311607
311875
311931
312093
312336
312822
312903
313146
313308
313750
314037
314171
314361
314375
314531
314604
314928
315009
315576
315738
316062
316224
316467
316548
316791
317277
317439
317500
317763
318125
318168
318249
318411
318492
319383
319626
319707
320598
321084
321250
321327
321408
321734
321894
322866
323028
323109
323352
323514
323838
324081
324243
324486
324567
325053
325296
325539
325625
325701
325782
325944
326187
326536
326754
326875
326916
327500
327969
328131
328212
328374
328617
328698
328750
328937
329184
329832
329913
330156
330318
330399
330804
331371
331533
332019
332586
332991
333072
333739
334044
334206
334287
334449
334692
334773
335000
335178
335259
336250
336393
336636
336717
336743
336879
337122
337446
337608
338094
338125
338337
338418
338750
338904
339552
339876
340000
340038
340281
340524
340848
340942
341091
341577
341739
341875
341982
342306
342500
342549
342711
342732
343521
343683
343764
344412
344493
344898
344979
345141
345222
345951
346113
346194
346250
346356
346842
346923
347166
347328
347409
347500
348057
348125
348624
348786
350082
350487
350546
350568
351216
351250
351297
351384
351459
351875
352188
352269
352512
352917
352998
353403
353484
353750
354132
354213
354456
355000
355104
355348
355428
355625
355671
356157
356875
356886
357129
357372
357534
357749
358101
358263
358506
358992
359316
359721
359802
360207
360288
360531
360625
360936
361017
361503
361908
362394
362551
362718
362961
363123
363366
363852
363933
364176
364662
364824
364952
365000
365067
365553
365796
365877
366039
366250
366363
366768
366875
367254
367578
368064
368226
368307
368469
368712
369441
369522
369927
370000
370008
370494
370625
371223
371466
371871
372114
372357
372500
372843
372924
373572
373896
374058
374301
374375
374382
375597
375625
375759
376083
376569
376731
376812
376957
377217
377500
377703
377946
378432
378513
378918
378999
379242
379358
379375
379404
379728
379971
380000
380214
380376
380666
380862
380943
381834
382401
382563
382644
383049
383125
383373
383616
383750
384102
384160
384264
384588
384831
385074
385479
385625
385722
386046
386208
386532
386875
387018
387423
387666
387747
387909
388152
388233
388638
388719
388750
388881
389124
389448
389853
390177
390582
390963
391250
391311
391363
391392
391554
392500
392526
393012
393336
393741
393764
393984
394308
394375
394551
394794
395000
395037
395442
396009
396250
396252
396414
397143
397224
397629
397872
398196
398358
398439
398566
398844
399411
399573
399654
399816
399854
399897
400383
400625
400626
400788
400967
401031
401112
401274
401517
401875
402327
402489
402813
403056
403947
404375
404433
404676
404919
405243
405486
405648
405729
405891
406701
406863
406944
407500
407916
408125
408159
408402
408888
409131
409536
409779
409948
410000
410022
410832
411237
411318
411561
411875
411966
412047
412938
412972
413019
413125
413181
413262
413667
413748
413750
414153
414234
414396
414639
414720
415000
415368
415373
415692
416664
416907
417393
417500
417605
417636
417798
418284
418527
418851
419256
419499
419742
420066
420228
420309
420625
420957
421250
421524
421929
422172
422496
422576
422658
423125
423144
423387
423468
423711
423873
423954
424197
424589
424602
425088
426141
426546
426875
427032
427113
427356
427378
427599
427761
428004
428328
428814
428976
429057
429543
429779
429948
430000
430029
430272
430434
430758
431163
431406
431875
431973
432500
432702
432864
433107
433431
433674
433750
434581
434646
435294
435618
435861
436104
436250
436266
436347
436752
436833
437238
437319
437967
438125
438453
438534
438696
438777
438939
439182
439506
439911
440000
440397
440478
440721
440883
440964
441250
441369
441784
442098
442422
442584
442908
443125
443151
443637
443799
444042
444123
444852
445000
445338
445581
445743
445824
445986
446067
447039
447201
447444
447500
447687
447768
448011
448254
448416
448750
449375
449712
449874
450117
450603
451089
451388
451413
451818
452061
452142
452304
452500
452871
453114
453276
453762
453871
454086
454248
454375
455463
456192
456516
456678
456759
456921
457407
457488
457731
457893
458125
458217
458379
458591
458750
458946
459189
459432
459594
460000
460323
460566
460809
460992
461052
461133
461376
461781
461862
461875
462348
462591
462834
462996
463077
463393
463482
463968
464292
464375
464697
465021
465183
465264
465669
465794
465912
466236
466250
466398
467694
468099
468423
468828
469071
469152
469314
469375
469881
470000
470124
470286
470367
470772
470853
471096
471258
471501
471987
472554
472716
472959
472997
473125
473283
473750
473769
473931
474174
474417
474741
474984
475227
475389
475625
475632
476118
476199
476361
476604
476928
477500
477657
477799
478143
478386
478750
478872
479034
479763
479844
480000
480006
480087
480492
480625
480978
481059
481302
481464
481788
482193
482436
482500
483125
483408
483732
484461
484947
485000
485002
485537
485676
485838
486162
486250
486567
486648
486891
487296
487782
488349
488997
489078
489483
489564
489726
489807
490293
490536
491184
491427
491875
491913
491994
492399
492500
492642
493128
493209
493371
493452
493938
494181
494606
495072
495153
495801
495882
496044
496250
496368
496611
496773
496854
497500
497583
497794
498125
498231
498312
498798
499203
499408
499446
499932
500013
500256
500418
500904
501126
501250
501876
501957
502119
502443
502848
503091
503172
503577
503658
503901
504144
504549
505000
505116
505278
505602
505625
506007
506611
506817
506875
507303
507708
507789
507951
508194
508437
509004
509012
509247
509976
510219
510381
510624
511191
511250
511596
511677
512163
512406
512649
512892
513054
513125
513297
513378
513783
513814
514375
514512
514593
515000
515079
515241
515322
515727
515808
516213
516294
516456
516699
516875
516942
517428
517509
518125
518157
518724
518886
519696
519858
520000
520101
520587
520668
521154
521316
521802
522369
522531
522612
523098
523418
523584
523750
523989
524232
524313
524375
524556
524961
525204
525528
525771
526250
526662
526986
527148
527500
527634
527958
528201
528849
529902
530000
530064
530307
530388
530631
530793
531603
532008
532089
532251
532737
533061
533125
533304
533952
534438
534519
534762
535000
535167
535423
535625
535734
535896
536139
536706
536868
536875
537192
537597
537678
538326
538750
538812
538893
539136
539298
539375
539379
539541
539622
540108
540513
540756
540999
541250
541566
541717
541809
541971
542214
542626
542659
542781
542943
543024
543429
543672
544158
544239
544482
545000
545027
545373
545616
545697
546102
546426
546912
547641
547803
548125
548532
548750
549018
549099
549261
549342
549504
549828
549829
550071
550233
550476
550625
551043
551875
551934
552663
552744
552906
552987
553149
553473
553716
553750
554121
554375
554688
555336
555417
555903
556146
556358
556389
556551
556632
557032
557500
557523
557604
558252
558576
558738
558819
559224
559433
559467
559791
560000
560034
560277
560682
561006
561168
561250
561492
561654
561978
562707
562869
563679
563841
564084
564327
564651
565000
565056
565137
565542
565623
566028
566271
566636
566757
566838
566875
567081
567500
567972
568053
568296
568539
568782
568944
569187
569375
569754
569916
570159
570483
570888
571220
571250
571374
571617
571698
572184
572346
572500
572589
573318
573399
573642
573839
574128
574375
574614
574776
575343
575748
575829
576234
576250
576558
576801
577287
577449
577692
578016
578502
578641
578750
578988
579231
579636
579879
580000
580122
580446
580608
580625
581337
581904
582066
582147
582500
582633
583524
583750
583767
584091
584253
584334
584647
584739
585306
585549
585625
585640
585792
585844
585954
586197
586683
586764
586926
587007
587493
587736
588125
588222
588384
589194
589923
590000
590166
590328
590652
591057
591867
591875
592029
592272
592758
593001
593244
593568
593811
593973
594702
595026
595269
595431
595448
595512
595625
595674
596889
597456
597500
597942
598428
598750
598833
598914
599562
600048
600281
600291
600777
600858
601344
601992
602073
602478
602500
602651
602964
603531
603774
603936
604017
604179
604375
604746
604908
605232
605637
605718
605961
606204
606447
606609
606852
606875
607176
607419
608067
608148
608750
608796
608877
609282
609363
609768
609849
609854
610000
610254
610497
610578
610625
610821
611307
611469
611712
612036
612198
612279
612441
613413
613656
613737
613750
614223
614375
614466
614709
614871
615114
615843
615924
616086
616167
617057
617301
617544
617868
618759
619002
619083
619326
619375
619488
619569
619812
620000
620784
620946
621189
621513
622161
622647
622971
623125
623214
623619
623750
623862
623943
624186
624672
625077
625563
625644
625806
625887
626292
626616
627021
627500
627993
628074
628317
628342
628479
628722
628750
629062
629208
629563
629856
630018
630625
630909
631152
631233
631463
631476
632124
632448
632934
633096
633125
633177
633582
633663
634149
634554
634878
635000
635121
635526
636093
636250
636336
636498
636822
636875
636984
637227
637713
638037
638125
638199
638523
638766
639252
639414
639981
640467
641196
641439
642087
642168
642500
642573
642654
642816
642897
643468
643788
643869
644031
644375
645003
645625
645732
645869
646056
646218
646704
647028
647433
647676
648162
648486
648729
648891
648972
649134
649375
649377
650106
650592
650671
651078
651159
651250
651402
651564
651605
651888
652293
652374
652779
653072
653508
653589
653750
653832
654561
655000
655047
655209
655533
655625
655938
656181
656262
656424
656748
656875
656903
656991
657234
657396
657477
657500
657874
657963
658368
659664
659826
659907
660312
660636
660798
661041
661527
661608
661851
662499
662742
663066
663125
663471
664038
664375
664929
665077
665172
665739
665901
665982
666144
666711
666873
667197
667478
667683
668088
668125
668412
668574
668898
669303
669384
669546
669789
670000
670113
670356
670518
671247
671571
671733
672057
672500
672786
673191
673272
673434
673486
673677
673758
674244
674649
674681
674892
675216
676188
676250
676593
676674
676836
677403
677500
677808
677889
678537
679104
679347
679375
679483
679509
679752
680000
680076
680562
681048
681696
681875
681884
681939
682182
682263
682749
682911
683125
683154
683478
683750
683883
683964
684207
684612
685000
685098
685341
685422
685464
685625
685827
687042
687366
687528
688127
688581
688824
688986
689375
689553
689796
689958
690201
690282
690444
690687
691497
691659
691902
691983
692226
692388
692500
692712
693125
693603
693684
693846
694332
694413
694656
694818
695000
695061
696114
696250
696357
696519
697248
697329
697572
698125
698463
698787
698949
699921
700164
700407
700974
701092
701136
701703
701875
702189
702432
702500
702594
702768
702837
702918
703161
703493
703750
703809
704133
704376
704538
704619
705024
705267
705625
705753
705834
705996
706239
706806
706968
707211
707500
707697
708021
708264
708426
708507
708912
708993
709641
710000
710208
710696
710856
711099
711250
711342
711423
712314
713043
713367
713750
713772
714258
714339
714501
714744
715068
715311
715498
715797
715959
716202
716526
716769
717012
717741
717903
717984
718227
718632
719375
719442
719604
719847
720333
720414
720576
720625
721062
721250
721872
722034
722763
723006
723249
723573
723816
724221
724788
725031
725102
725436
725922
726003
726246
726489
726651
726732
726875
727704
727866
728352
728919
729081
729324
729567
729648
729891
729904
730000
730053
730134
731106
731349
731592
731754
731875
732078
732321
732483
732500
732726
732969
733536
733750
733779
734427
734508
735156
736128
736371
736452
736614
736938
737107
737343
737424
737829
738125
738882
739044
739287
739773
739854
740000
740016
740097
740988
741231
741250
741717
741875
742041
742446
742932
743013
743661
743742
744147
744228
744714
745000
745119
745443
745625
745686
745848
745929
746711
746901
747144
747387
747792
748116
748359
748521
748602
748750
748764
749817
750625
751194
751250
751437
751513
751518
751761
751923
752166
752733
753138
753462
753624
753914
754191
754434
754839
755000
755163
755406
755892
756297
756621
756783
756864
757026
757269
757836
757998
758125
758484
758716
758750
758808
759051
759456
759537
759942
760000
760428
760625
760671
760752
761117
761157
761332
761643
761724
761886
762453
762939
763101
763668
763911
764073
764375
764397
764559
764802
765126
765288
766098
766250
766341
766503
766746
766827
767232
767313
767500
767799
768125
768204
768320
768528
768771
769176
769257
769375
769662
770148
770391
770958
771201
771250
771444
772092
772173
772416
772659
773064
773125
773307
773631
773750
774036
774846
775332
775494
775818
775973
776304
776466
776547
777276
777438
777500
777681
777762
778248
778653
778896
779139
779463
779706
779949
780111
780354
780625
781083
781164
781569
781926
782500
782541
782622
782726
782784
783108
783837
783999
784809
785000
785052
785457
786024
786672
786875
787239
787401
787482
787528
787968
788373
788616
788750
788859
789102
789183
789588
789669
790000
790074
790884
791127
791289
792018
792261
792500
792504
792747
792828
793071
794043
794286
794448
794691
794731
795177
795258
795744
796149
796392
796473
796716
796878
796959
797132
797688
797931
798125
798417
798579
798822
799146
799308
799375
799551
799632
799708
799794
800523
800766
800847
801250
801252
801576
801875
801934
801981
802062
802224
802467
802548
803034
803750
803763
804249
804411
804654
804978
805221
805625
805626
805869
806112
806875
807327
807813
807894
808750
808866
809137
809352
809838
810486
810567
810625
810729
810972
811296
811458
811782
812997
813125
813159
813402
813726
813888
814375
814941
815000
815427
815589
815832
816250
816318
816399
816804
816875
817371
817533
817776
818019
818262
818343
818991
819072
819558
819896
820000
820044
820773
821259
821421
821664
822231
822474
822636
822879
823122
823203
823689
823750
823932
824094
824337
824375
824661
825625
825633
825876
825944
826038
826250
826362
826524
827091
827334
827496
827500
828063
828269
828306
828468
828792
829278
829375
829440
829683
830000
830007
830493
830736
830746
830979
831384
831627
831951
832113
833147
833328
833409
833814
834381
834543
834786
835000
835210
835272
835353
835596
836001
836568
836811
836973
837054
837297
837702
837783
837949
838512
838917
838998
839484
839523
839889
840132
840456
840618
841250
841671
841914
842319
842500
843048
843858
844344
844587
844749
844992
845073
845152
845316
846250
846288
846693
846774
846936
847017
847179
847422
847503
847553
847746
847908
848394
848637
849178
849204
849447
850176
850419
850581
850625
851553
852282
852849
853011
853092
853750
854064
854226
854375
854712
854756
855198
855279
855522
855927
856008
856656
857628
857709
857952
858114
858125
858357
858681
859086
859167
859558
859653
859896
860000
860058
860544
860787
860868
861111
861516
861759
861959
862326
862731
862812
863125
863217
863703
863750
863819
863946
864027
865000
865404
865647
865728
865971
866214
866862
867348
867429
867500
867591
868563
869049
869162
869292
869373
869859
870588
870993
871236
871722
872208
872451
872500
872532
872694
873261
873504
873666
873909
874375
874476
874638
874719
875934
876250
876906
877068
877311
877392
877554
877797
877878
878364
878607
879012
879093
879579
879741
879822
880000
880227
880625
880794
880956
881167
881442
881523
881766
881928
882009
882171
882500
882738
883143
883568
883629
884196
884844
885168
885391
885816
885897
886059
886250
886302
886869
887274
887517
887598
888084
888246
888813
889299
889375
889704
889947
890000
890433
890676
891162
891243
891486
891648
891875
891972
892134
893101
893125
893187
894078
894402
894807
894888
895000
895374
895536
895573
895617
895625
895779
896022
896508
896589
896751
896832
897500
897723
898047
898533
898750
899375
899424
899748
900153
900234
900477
900639
901206
901611
902178
902776
902826
903069
903636
903879
904041
904122
904284
904375
904608
904851
905000
905013
905337
905742
906228
906552
906875
906957
907524
907742
908125
908172
908253
908496
908750
909979
910359
910683
910926
911331
911817
911875
912141
912247
912384
913032
913113
913356
913518
913599
913842
914247
914814
914976
915219
915462
915786
916191
916250
916434
916677
916758
917001
917182
917500
917649
917892
918378
918731
918864
919188
919375
919431
919583
919593
920000
920646
920889
921132
921618
921984
922023
922104
922266
922752
922833
923319
923562
923724
923750
924291
924696
925182
925263
925625
925668
925992
926154
926397
926786
926875
926883
926964
927207
927936
928584
928750
928827
929151
929375
929394
930042
930123
930366
930528
930609
930625
930771
931257
931338
931588
931743
931824
932472
932500
932796
933039
933125
933687
933989
935388
935469
935631
936198
936846
936875
937656
937899
938142
938304
938547
938628
938750
939033
939357
939762
940000
940248
940572
940734
940977
941301
941544
941706
942192
942273
942516
943002
943974
944217
944375
945108
945432
945837
945918
945994
946161
946250
946566
946809
947500
947538
947619
947781
947862
948348
948834
949077
949239
949482
949968
950211
950454
950778
951183
951250
951264
951875
952236
952398
952722
953197
953208
953856
953937
954099
954423
954909
955000
955314
955598
955881
956286
956367
956772
956853
956875
957500
957501
957744
957987
958068
958311
958473
958959
959526
959688
960000
960012
960174
960903
960984
961227
961250
961956
962118
962604
962801
962847
962928
963576
963657
964143
964375
964386
964629
964872
965000
965763
966087
966250
966573
966816
967059
967221
967464
968125
968193
968679
968922
969489
969651
969894
970000
970004
970461
970625
970947
971074
971352
971676
972324
972500
972567
972891
973134
973296
973782
974375
974592
974997
975321
975483
975564
975969
976698
977751
977913
977994
978156
978966
979128
979375
979452
979614
979857
980181
980586
980667
980829
980947
981072
981153
981639
981875
982009
982368
982854
983583
983750
983826
983988
984069
984717
984798
985000
985041
985203
985284
986256
986418
986742
986875
986904
987876
987957
988362
988443
989091
989212
989375
990144
990306
990387
991359
991521
991602
991764
992088
992331
992493
992500
992736
993222
993303
993546
993708
993789
994437
994761
995000
995166
995409
995588
996250
996381
996462
996624
997596
998125
998163
998406
998649
998816
998892
999783
999864
