3645
5103
7290
8019
9477
10206
12393
13851
14580
16038
16767
18954
20412
21141
22599
24786
26973
27702
29160
29889
31347
32076
33534
34263
37908
38637
40824
42282
43011
44469
45198
46875
48843
49572
51759
53217
53946
55404
57591
58320
59778
60507
62694
64152
64881
67068
68526
70713
73629
75087
75816
77274
78003
79461
81648
82377
84564
86022
88938
90396
92583
93750
95499
97686
99144
99873
101331
103518
106434
107892
108621
109375
110079
110808
114453
115182
116640
118827
119556
121014
121743
125388
126117
128304
129762
130491
131949
134136
137052
139239
140697
141426
143613
145071
147258
150174
151632
153819
154548
156006
158922
162567
163296
164754
165483
166941
169128
169857
171875
172044
174231
175689
177876
180792
182979
185166
187353
187500
190998
191727
195372
196101
197559
198288
199746
201933
202662
203125
204849
206307
207036
212868
213597
215784
217242
218750
220158
221616
223803
226719
228177
228906
230364
231093
233280
237654
239112
241299
242028
243486
245673
250776
252234
252963
254421
256608
257337
259524
260982
261711
263898
265625
267543
268272
271917
274104
276291
278478
279207
281394
282852
283581
287226
289413
290142
292329
294516
296875
298161
300348
303264
305451
306909
307638
309096
312012
314199
315657
317844
320031
322947
325134
326592
327321
329508
330966
333153
333882
336069
337527
338256
339714
340443
343750
344088
348462
349191
351378
352947
355023
355752
357939
359375
361584
363771
365958
366687
370332
371061
374706
375000
379809
381267
381996
383454
390744
392202
394389
395118
396576
398763
399492
403866
405324
406053
406250
409698
410427
412614
414072
414801
416259
420633
425736
427194
427923
431568
432297
434484
436671
437500
438129
440316
442503
443232
446877
447606
449793
451251
453125
453438
456354
457812
459999
460728
462186
466560
467289
468747
471663
475308
476037
478224
480411
481869
482598
484056
484375
486972
490617
491346
493533
497907
501552
503739
504468
505926
508842
511029
513216
514674
516861
519048
521964
523422
524151
527796
529983
531250
534357
535086
536544
538731
541647
543834
547479
548208
551853
552582
554769
556956
558414
560601
562788
563517
565704
567162
573723
574452
578125
578826
580284
581013
584658
588245
589032
589761
591219
593750
596322
598509
599967
600696
602883
604341
606528
610902
611631
613818
615276
618192
621837
624024
624753
626211
628398
629127
631314
635688
639333
640062
640625
642249
643707
645894
646623
650268
653184
654642
659016
661203
661932
664119
666306
667764
669951
671875
672138
675054
676512
677241
679428
680886
683073
685989
687500
688176
690363
694737
696924
698382
702756
704943
705894
707859
710046
711504
712233
715878
716607
718750
722439
723168
726813
727542
731916
733374
734375
735561
738477
740664
742122
742851
744309
749412
750000
751599
753057
757431
759618
762534
763992
764721
766179
766908
773469
774927
779301
781488
784404
788778
790236
792423
793152
795339
796797
797526
798984
799713
804087
807732
808461
810648
812106
812500
814293
818667
819396
820854
823041
825228
828125
828144
829602
832518
839079
840537
841266
847827
851472
853659
854388
855846
860949
863136
864594
865323
868968
869697
873342
875000
875529
876258
880632
884277
885006
886464
887193
891567
893754
895212
895941
897399
899586
901773
902502
906250
906876
910521
912708
915624
917811
919998
921456
921875
924372
930933
932391
933120
934578
935307
937494
939681
941139
943326
945513
948429
949887
950616
952074
952803
953125
956448
960822
961551
963009
963738
965196
967383
968112
968750
973944
981234
982692
987066
992169
995814
996543
