2025
3969
4050
5625
7938
8100
9801
11250
13689
15876
16200
19602
21609
22500
23409
27378
29241
30625
31752
32400
39204
42849
43218
45000
46818
54756
58482
60025
61250
63504
64800
68121
75625
77841
78408
85698
86436
90000
93636
105625
109512
110889
116964
120050
122500
127008
129600
131769
136161
136242
149769
151250
155682
156816
171396
172872
178929
180000
180625
187272
211250
219024
221778
225625
227529
233928
240100
245000
254016
257049
259200
263538
272322
272484
281961
290521
299538
301401
302500
311364
313632
330625
342792
345744
357858
360000
361250
363609
366025
374544
405769
408321
422500
431649
438048
443556
451250
455058
467856
480200
490000
505521
508032
514098
518400
525625
527076
544644
544968
558009
563922
581042
599076
600625
602802
605000
622728
627264
641601
661250
685584
691488
693889
714025
715716
717409
720000
722500
727218
732050
749088
751689
762129
811538
816642
826281
845000
855625
859329
863298
866761
876096
887112
902500
910116
927369
935712
960400
962361
980000
