1575
2205
2475
2925
3150
3675
3825
4275
4410
4851
4950
5175
5445
5733
5850
6075
6300
6525
6975
7350
7497
7605
7623
7650
8325
8379
8550
8820
9075
9225
9675
9702
9900
10143
10350
10575
10647
10890
11466
11700
11907
11925
12150
12600
12675
12789
13005
13050
13275
13475
13671
13725
13950
14157
14700
14994
15075
15210
15246
15300
15925
15975
16245
16317
16425
16650
16731
16758
17100
17640
17775
17787
18081
18150
18207
18450
18513
18675
18963
19350
19404
19800
20025
20286
20691
20700
20727
20825
21150
21175
21294
21675
21780
21825
22725
22743
22932
23175
23275
23373
23400
23805
23814
23850
24075
24300
24525
24843
25047
25200
25350
25425
25578
25857
26010
26019
26100
26550
26901
26950
27075
27342
27450
27900
28125
28175
28314
28575
28611
28899
29400
29403
29475
29547
29575
29645
29988
30150
30420
30492
30600
30825
31275
31311
31581
31850
31950
32193
32490
32634
32805
32850
33300
33327
33462
33516
33525
33759
33813
33975
34200
34839
34983
35280
35325
35525
35550
35574
35739
36162
36300
36414
36603
36675
36900
37026
37350
37575
37845
37926
37975
38700
38808
38925
39249
39325
39600
39675
40050
40275
40293
40572
40725
41067
41382
41400
41405
41454
41650
42237
42300
42350
42483
42588
42777
42975
43245
43350
43425
43560
43650
44109
44325
44541
44649
44775
45325
45423
45450
45486
45864
45927
46350
46475
46550
46746
46800
46827
47151
47187
47475
47610
47628
47700
48069
48150
48600
49050
49419
49686
49833
50094
50175
50225
50400
50575
50700
50850
51075
51156
51183
51425
51525
51714
52020
52038
52200
52371
52425
52675
52983
53067
53100
53775
53802
53900
54150
54225
54684
54900
55233
55800
56007
56250
56277
56350
56475
56628
57150
57222
57475
57575
57717
57771
57798
57825
58800
58806
58950
59094
59150
59175
59290
59823
59976
60300
60417
60525
60543
60840
60975
60984
61200
61299
61347
61605
61650
61893
62325
62361
62550
62622
63075
63162
63175
63225
63675
63700
63900
64251
64386
64925
64980
65268
65403
65610
65700
65709
65925
66429
66591
66600
66654
66924
67032
67050
67518
67626
67950
68400
69075
69237
69575
69678
69966
69975
70227
70425
70560
70650
70805
71050
71100
71148
71325
71478
71487
71825
71883
72075
72171
72275
72324
72600
72828
72963
73206
73350
73647
73800
74052
74475
74700
74725
74727
75150
75429
75645
75690
75825
75852
75950
76293
77077
77319
77400
77616
77763
77850
78075
78498
78525
78650
78939
79200
79350
79425
79475
79497
79821
80100
80275
80550
80586
80613
80631
80775
80937
81144
81450
82075
82134
82575
82764
82800
82810
82908
83205
83259
83300
83925
84231
84474
84600
84700
84966
85113
85176
85275
85293
85554
85950
86031
86175
86247
86490
86700
86850
86877
86975
87120
87300
87525
87723
87725
87759
88218
88445
88650
89082
89298
89325
89425
89550
89739
90225
90387
90459
90650
90846
90900
90972
91091
91728
91854
92025
92575
92700
92781
92950
93051
93100
93492
93600
93654
93775
93925
94221
94275
94302
94374
94725
94950
95139
95220
95256
95400
96138
96237
96300
96775
96921
96975
97175
97200
97425
98100
98343
98397
98775
98838
99275
99372
99405
99666
99675
100107
100188
100350
100450
100719
100793
100800
100989
101025
101150
101400
101675
101700
101907
102150
102245
102312
102366
102675
102753
102825
102850
103050
103428
103725
104040
104076
104175
104400
104742
104850
104907
105075
105350
105399
105633
105903
105966
106134
106200
106281
106641
107550
107604
107775
107800
107991
108300
108450
109025
109368
109575
109800
109989
110466
110475
110691
111033
111537
111600
111843
111925
112014
112167
112275
112437
112500
112554
112651
112700
112950
113175
113256
113337
114300
114444
114525
114950
115150
115434
115542
115596
115650
115983
116487
116523
117225
117325
117600
117612
117675
117900
118188
118300
118350
118580
118629
118701
118825
119511
119646
119952
120159
120213
120600
120834
121050
121086
121680
121725
121950
121968
122157
122247
122400
122525
122598
122694
123057
123075
123210
123300
123627
123725
123786
123921
124025
124650
124659
124722
124803
125100
125244
125325
126075
126150
126175
126243
126324
126350
126405
126450
126675
127350
127400
127800
128025
128475
128502
128547
128673
128772
129213
129605
129825
129850
129960
130075
130536
130806
130975
131043
131075
131220
131400
131418
131850
132075
132858
133182
133200
133209
133308
133425
133525
133848
134064
134100
134775
135036
135225
135252
135369
135387
135531
135900
136367
136575
136800
137151
137275
137853
137925
138033
138069
138150
138303
138425
138474
138675
138825
139150
139167
139275
139356
139707
139797
139932
139950
140454
140777
140850
141120
141267
141300
141610
141975
142100
142175
142200
142296
142650
142659
142956
142974
143143
143650
143766
143811
144150
144225
144342
144550
144648
144675
145200
145475
145575
145656
145926
145971
146412
146523
146700
146925
147033
147175
147294
147537
147591
147600
148104
148275
148617
148725
148950
149193
149400
149450
149454
150300
150858
150903
151263
151290
151371
151380
151425
151650
151704
151900
152325
152586
152703
153027
153125
153425
153459
153621
153675
153909
154154
154638
154800
155232
155475
155526
155575
155673
155700
155771
156150
156325
156645
156663
156996
157050
157300
157339
157725
157878
158319
158400
158661
158700
158850
158950
158994
159525
159642
160173
160200
160325
160475
160550
161100
161172
161226
161262
161550
161775
161847
161874
162261
162288
162747
162900
163575
164150
164268
164331
164439
164493
164925
165150
165528
165600
165620
165675
165789
165816
166175
166275
166410
166419
166518
166600
167139
167175
167445
167825
167850
168175
168462
168903
168948
168975
169200
169400
169932
170226
170275
170325
170352
170550
170586
170973
171108
171225
171549
171873
171900
171925
171941
172062
172197
172350
172494
172980
173025
173225
173400
173700
173754
173925
173950
174087
174240
174267
174600
174845
175050
175077
175446
175450
175518
176157
176436
176841
176890
176967
177075
177300
177507
178164
178475
178596
178650
178850
179100
179325
179478
180369
180450
180774
180918
181300
181675
181692
181800
181863
181944
182025
182182
182475
182525
183027
183051
183456
183708
183799
184050
184093
184525
184671
184725
184779
184975
185150
185175
185400
185562
185661
185900
186075
186102
186200
186525
186984
187200
187308
187550
187850
188397
188442
188550
188604
188748
188775
189450
189873
189900
190071
190269
190278
190440
190463
190512
190800
190953
191691
191925
192027
192276
192325
192474
192600
192825
193167
193275
193550
193599
193842
193950
194175
194350
194400
194579
194850
194931
195201
195363
196200
196677
196686
196794
197109
197325
197550
197676
198009
198189
198225
198550
198575
198675
198744
198810
198927
199251
199332
199350
199575
199675
200214
200376
200700
200900
201243
201438
201537
201586
201600
201978
202005
202050
202300
202675
202800
203301
203350
203391
203400
203814
204075
204183
204300
204363
204490
204575
204624
204723
204732
204975
205350
205479
205506
205650
205700
205947
206045
206100
206775
206856
207450
207575
207999
208080
208152
208350
208377
208800
209025
209457
209484
209525
209700
209814
210150
210177
210675
210700
210798
210825
211239
211266
211419
211725
211806
211925
211932
212268
212400
212562
213075
213282
214425
214533
214767
214775
215100
215208
215550
215600
215883
215982
216333
216531
216600
216711
216900
217575
217683
218050
218405
218475
218691
218736
219150
219275
219303
219373
219600
219825
219978
220059
220825
220932
220950
221175
221382
221725
221823
222066
222975
223074
223200
223686
223767
223850
223925
223975
224028
224325
224334
224469
224550
224825
224874
225000
225108
225302
225400
225900
226350
226512
226629
226674
226845
227025
227925
228600
228888
229050
229275
229671
229725
229761
229779
229900
229957
230300
230643
230679
230868
231084
231192
231275
231300
231489
231966
231975
232425
232974
233046
233523
233775
233975
234099
234423
234450
234639
234650
235200
235224
235350
235445
235800
236025
236376
236425
236475
236600
236700
237160
237177
237258
237402
237650
238581
238725
238797
238975
239022
239175
239292
239575
239805
239904
240149
240318
240426
240525
241200
241227
241325
241668
242100
242172
242757
242847
243089
243360
243450
243775
243900
243936
244205
244314
244494
244575
244783
244800
245050
245196
245388
245475
245637
245925
246114
246150
246420
246600
246825
247107
247203
247254
247450
247572
247842
247923
248050
248175
248283
249275
249300
249318
249381
249444
249525
249606
250200
250488
250650
250821
250929
251075
251275
251325
251811
252150
252297
252300
252333
252350
252486
252648
252675
252700
252810
252900
253350
253737
254007
254025
254457
254700
254800
254947
255600
256050
256671
256711
256950
257004
257094
257193
257346
257544
257725
258426
258453
258475
258867
258975
259210
259425
259650
259700
259920
260150
260271
261072
261075
261513
261612
261675
261725
261950
262086
262150
262440
262449
262701
262800
262836
263133
263475
263700
264150
264159
264275
265041
265716
265725
266364
266400
266418
266616
266850
267050
267075
267325
267687
267696
267903
268128
268200
268203
268425
269001
269059
269225
269550
269667
270072
270225
270333
270450
270504
270738
270774
271062
271800
271803
272097
272259
272734
272925
272979
273150
273175
273325
273339
273600
273825
274302
274550
275175
275301
275706
275850
276066
276138
276300
276525
276606
276850
276948
276975
277350
277650
278075
278091
278271
278300
278307
278325
278334
278550
278663
278712
279075
279414
279594
279775
279864
279873
279900
280053
280525
280845
280899
280908
281025
281554
281700
282123
282240
282534
282600
282681
282807
282897
283075
283220
283275
283383
283509
283563
283950
284200
284350
284400
284592
285131
285300
285318
285327
285425
285912
285948
286286
286407
287300
287325
287451
287532
287622
287775
287973
288300
288450
288675
288684
289100
289161
289296
289350
290025
290400
290421
290475
290511
290619
290950
291150
291312
291501
291825
291852
291942
292725
292775
292824
292941
293046
293175
293400
293425
293553
293850
293913
294066
294075
294175
294350
294588
295074
295119
295182
295200
295225
296208
296225
296550
296775
296793
297225
297234
297450
297900
298386
298557
298575
298800
298900
298908
299637
299975
300600
300713
301203
301653
301716
301806
302526
302580
302679
302742
302760
302850
303300
303408
303800
304650
304731
305045
305172
305283
305406
305525
305767
306009
306054
306225
306250
306397
306850
306918
307242
307350
307475
307575
307818
308187
308308
308367
308425
308925
309141
309276
309600
310005
310329
310464
310675
310725
310950
311052
311150
311346
311400
311542
311575
312300
312325
312650
312669
312987
313290
313326
313992
314100
314237
314600
314678
314775
314825
315153
315450
315756
316179
316638
316800
317025
317079
317322
317400
317583
317700
317900
317988
318987
319050
319077
319284
320013
320045
320175
320346
320400
320607
320650
320931
320950
321075
321100
321525
322175
322200
322344
322425
322452
322524
323100
323253
323550
323575
323675
323694
323748
323775
324522
324576
324723
325467
325494
325575
325703
325800
325899
326475
326925
327150
327663
328149
328275
328300
328536
328653
328662
328878
328986
329525
329725
329850
330300
330327
330975
331056
331191
331200
331240
331350
331578
331632
331975
332350
332550
332667
332820
332838
333036
333200
333225
333675
333775
333837
333925
334278
334323
334350
334575
334647
334890
335025
335405
335601
335650
335700
335727
335925
336350
336675
336924
336973
337275
337806
337896
337950
337977
338031
338400
338679
338800
339129
339183
339325
339521
339575
339864
339975
340452
340550
340650
340704
340731
340857
340893
341100
341172
341825
341887
341946
342216
342450
342675
343098
343746
343800
343850
343882
344124
344225
344394
344475
344619
344700
344988
345213
345267
345960
346050
346450
346675
346800
347067
347175
347400
347508
347553
347633
347643
347733
347850
347900
347967
348174
348309
348480
348525
348534
348843
349200
349425
349690
349811
350100
350154
350675
350775
350892
350900
351036
351477
352314
352575
352872
353475
353682
353780
353934
354141
354150
354393
354600
354609
355014
355275
355743
356083
356175
356328
356337
356445
356769
356950
357192
357300
357309
357425
357651
357700
358200
358650
358925
358956
359325
360225
360459
360738
360900
361539
361548
361575
361669
361836
362025
362061
362600
362925
362943
363350
363384
363519
363600
363726
363888
364050
364275
364364
364707
364725
364950
365050
365589
366054
366075
366102
366561
366912
366993
367137
367416
367598
368100
368186
368325
368379
369050
369342
369450
369558
369950
369999
370025
370300
370350
370800
371124
371322
371800
371907
372150
372204
372400
372825
373050
373968
374175
374400
374616
375075
375100
375525
375700
376025
376075
376119
376173
376475
376794
376884
377100
377208
377496
377550
377739
377883
377937
378075
378125
378819
378900
379746
379800
380061
380142
380538
380556
380583
380880
380925
380926
380975
381024
381600
381771
381825
381906
381951
382275
382743
382925
383382
383425
383525
383850
384054
384175
384417
384525
384552
384650
384948
385200
385650
386334
386550
386575
386757
387099
387100
387198
387225
387549
387675
387684
387900
388075
388325
388350
388521
388531
388700
388800
389158
389207
389403
389700
389862
389925
390402
390726
390897
390951
391167
391725
392400
392751
393075
393183
393354
393372
393588
394218
394425
394650
395100
395163
395352
395775
396018
396275
396378
396450
397100
397150
397243
397350
397488
397620
397854
398502
398664
398700
399150
399350
399475
399663
399675
399825
399987
400023
400221
400428
400752
401157
401175
401400
401751
401800
402075
402486
402525
402876
403074
403172
403200
403956
404010
404100
404600
405225
405279
405350
405475
405600
406197
406503
406602
406700
406782
406800
406847
407277
407475
407628
408150
408357
408366
408425
408483
408600
408726
408980
409149
409150
409248
409446
409464
409689
409825
409950
409975
410175
410669
410700
410958
411012
411300
411400
411845
411894
411975
412090
412191
412200
412623
412731
412825
412923
413217
413550
413712
414425
414900
414981
415150
415575
415998
416160
416304
416700
416754
417087
417600
417627
418050
418725
418914
418968
419050
419400
419628
420075
420175
420273
420300
420354
420475
420959
420975
421317
421350
421400
421425
421596
421650
422325
422478
422532
422775
422838
423405
423450
423612
423621
423729
423850
423864
423963
424175
424536
424800
425025
425075
425124
425619
426150
426275
426387
426447
426564
426725
427063
427401
427525
427725
428211
428850
429066
429075
429534
429550
429777
430200
430416
430425
430443
430857
431100
431200
431766
431964
432333
432425
432666
432817
433062
433200
433422
433503
433800
434007
434367
434475
434925
435150
435175
435357
435366
436100
436689
436810
436950
437031
437382
437472
438300
438525
438550
438606
438741
438746
438893
438975
438991
439200
439587
439650
439677
439775
439956
440118
440657
440725
441650
441864
441900
442350
442764
443450
443646
443925
444132
444411
444925
444969
445113
445275
445401
445653
445950
446148
446400
446571
446733
447005
447075
447372
447534
447700
447850
447950
448056
448063
448425
448650
448668
448938
449100
449307
449325
449379
449575
449650
449748
449775
449973
450000
450216
450261
450604
450675
450725
450800
451611
451800
452075
452475
452700
453005
453024
453258
453299
453348
453690
453825
454050
454597
454671
455553
455850
456075
456291
456475
456525
456775
456925
457200
457263
457776
458100
458199
458397
458469
458550
458643
458775
459045
459342
459450
459522
459558
459800
459914
460525
460600
461286
461358
461709
461736
461817
461925
462168
462275
462384
462550
462600
462609
462978
463491
463932
463950
464175
464275
464850
465525
465579
465831
465948
466092
466947
467046
467550
467901
467950
468075
468198
468225
468391
468675
468783
468846
468900
468999
469175
469278
469300
469359
469575
470025
470327
470400
470448
470700
470781
470890
471429
471537
471600
472050
472275
472752
472850
472950
473031
473200
473400
474320
474354
474516
474804
474925
474975
475300
475425
476073
476525
477162
477405
477425
477450
477594
477950
478044
478071
478325
478350
478584
478953
479025
479150
479367
479475
479610
479808
480298
480339
480636
480825
480852
480861
481050
481131
481725
482013
482157
482175
482400
482427
482454
482589
482650
483336
483575
483777
484075
484101
484200
484344
484425
485514
485694
486178
486225
486325
486423
486720
486900
487227
487550
487800
487872
488410
488579
488628
488961
488988
489069
489150
489325
489566
489600
490100
490275
490383
490392
490599
490776
490950
491225
491274
491575
491850
492107
492228
492300
492499
492597
492840
493075
493200
493650
494214
494406
494508
494900
495144
495243
495675
495684
495846
496100
496350
496566
496575
496791
496947
497673
497889
497925
498550
498600
498636
498762
498888
499023
499050
499059
499212
499725
500400
500976
501025
501300
501642
501858
501993
502029
502150
502550
502650
503325
503451
503622
503775
504207
504300
504594
504600
504666
504675
504700
504972
505141
505161
505175
505296
505350
505400
505620
505800
506475
506700
507123
507474
507591
508014
508050
508473
508475
508563
508805
508914
509400
509427
509600
509894
510075
510093
510291
510525
511200
511425
511707
512100
512397
512577
512883
512975
512981
513225
513275
513342
513422
513900
514008
514188
514386
514575
514692
515088
515205
515450
515725
515871
515925
516411
516675
516825
516852
516906
516950
517599
517734
517950
517979
518319
518420
518850
518949
519300
519400
519525
519840
519975
520300
520542
520821
521631
521645
522144
522150
523026
523224
523325
523350
523450
523467
523900
523957
524172
524300
524880
524898
524925
525213
525402
525600
525672
526113
526266
526275
526725
526950
527400
527425
527571
527589
527681
527787
527975
528075
528125
528300
528318
528550
528975
529587
529641
529803
530082
530325
530343
530425
530829
531432
531450
532475
532593
532728
532800
532836
533232
533475
533700
534100
534150
534645
534650
534699
534825
534933
535374
535392
535717
535725
535806
536175
536256
536400
536406
536575
536697
536787
536850
536913
537251
537399
537525
537775
537993
538002
538118
538425
538450
539100
539334
539343
539775
540144
540450
540666
540900
541008
541205
541475
541476
541548
541989
542124
542225
542475
542583
542675
542871
543411
543600
543606
543825
544194
544518
544563
545175
545468
545517
545850
545958
546039
546300
546325
546350
546650
546678
546987
547200
547525
547650
547767
548325
548359
548604
548811
549100
549225
550025
550350
550525
550575
550602
550809
551412
551700
552132
552276
552537
552575
552600
553050
553212
553275
553475
553700
553896
553950
554301
554700
554827
555075
555219
555300
556150
556182
556425
556542
556600
556614
556650
556668
557100
557325
557326
557424
558150
558207
558828
559188
559550
559728
559746
559773
559800
559825
560106
561050
561690
561798
561816
562050
562077
563108
563157
563175
563400
564039
564246
564480
564725
565068
565200
565362
565614
565794
565803
566150
566440
566550
566766
567018
567126
567175
567225
567333
567369
567853
567900
568400
568449
568675
568700
568800
569184
569313
569331
569475
569547
570262
570600
570636
570654
570775
570850
571275
571824
571896
571977
572075
572175
572572
572814
572907
573525
573741
573975
574600
574605
574623
574650
574902
575064
575113
575244
575325
575550
575946
576387
576459
576549
576600
576900
577350
577368
577775
578200
578322
578592
578700
578825
579087
579483
580023
580050
580275
580601
580800
580842
580950
581022
581238
581405
581463
581571
581679
581825
581900
582300
582543
582561
582624
582975
583002
583425
583650
583704
583825
583884
583929
585207
585450
585550
585648
585882
586092
586350
586775
586800
586850
587025
587106
587275
587700
587826
587951
588069
588132
588150
588350
588700
588825
589149
589176
589725
589797
590148
590238
590364
590400
590427
590450
591669
592416
592425
592450
592767
593021
593100
593550
593586
594075
594450
594468
594900
595251
595575
595629
595683
595800
595925
596575
596772
597114
597150
597600
597800
597816
597825
597951
598275
598829
599175
599274
599675
599950
600201
600925
600975
601200
601426
601475
601975
602325
602406
602847
603306
603432
603612
603675
603837
604513
604575
604647
604675
605025
605052
605160
605358
605484
605493
605520
605700
605925
606033
606573
606600
606816
607275
607475
607600
608923
609021
609075
609175
609300
609462
609921
609975
610090
610203
610344
610425
610566
610687
610812
611050
611275
611534
611775
612018
612108
612157
612450
612500
612794
613107
613700
613836
614025
614079
614475
614484
614700
614950
615150
615636
615717
616175
616311
616374
616616
616725
616734
616850
616959
617850
617859
618282
618525
618552
619200
619425
619641
620010
620559
620658
620928
621350
621369
621450
621575
621639
621819
621900
622089
622104
622300
622575
622692
622800
623084
623150
623493
623525
623691
624600
624650
624825
625300
625338
625807
625974
626580
626652
626841
627057
627525
627543
627975
627984
628200
628227
628353
628474
629200
629307
629325
629356
629525
629550
629650
630189
630225
630306
630675
630900
631377
631512
631953
632358
633276
633600
633919
634050
634158
634275
634403
634599
634644
634800
635166
635400
635800
635976
636291
636417
637299
637425
637974
637975
638100
638127
638154
638225
638275
638325
638568
639243
639675
639891
640026
640053
640090
640341
640350
640675
640692
640773
640775
640800
641214
641300
641475
641862
641900
642150
642200
642663
642825
643025
643050
643419
643725
644350
644400
644688
644850
644904
645048
645777
646200
646261
646506
646551
647100
647150
647350
647388
647496
647550
647775
648711
649044
649152
649446
649575
650275
650547
650934
650988
651150
651175
651406
651600
651775
651798
651825
652257
652311
652851
652950
653013
653121
653175
653850
654003
654199
654300
654489
654493
654525
655326
655551
655767
656298
656325
656550
656600
656649
657072
657306
657324
657756
657972
658413
658575
658593
658825
659050
659450
659700
659883
660600
660654
661023
661059
661275
661779
661950
662112
662382
662400
662480
662661
662700
662725
663156
663264
663325
663950
664411
664425
664700
665100
665325
665334
665567
665640
665676
666072
666351
666400
666450
666675
667350
667550
667557
667674
667719
667850
668025
668367
668457
668475
668556
668646
668700
669150
669294
669780
669977
670050
670075
670810
671099
671187
671202
671300
671400
671454
671643
671850
671913
672700
673350
673641
673803
673848
673946
674091
674550
674575
674775
675171
675225
675612
675783
675792
675900
675954
676062
676800
677358
677475
677600
678258
678366
678650
679042
679150
679275
679728
679950
680175
680463
680904
681100
681300
681408
681462
681714
681786
682011
682200
682281
682325
682344
682587
682929
683109
683271
683325
683650
683774
683892
684063
684225
684432
684873
684900
685350
685539
686025
686196
686675
686817
687159
687323
687492
687519
687600
687700
687764
688205
688248
688450
688675
688725
688788
688950
689238
689400
689675
689976
690075
690426
690534
691047
691920
692100
692725
692775
692811
692900
693350
693600
693675
694083
694134
694350
694800
695016
695025
695097
695106
695266
695286
695466
695700
695800
695934
696339
696348
696618
696725
696960
697025
697050
697068
697686
698049
698103
698400
698850
699380
699475
699525
699622
699669
700200
700227
700308
700553
700825
700925
701181
701350
701550
701775
701784
701800
702027
702072
702225
702954
704223
704277
704583
704628
704825
704871
705150
705575
705675
705744
705825
706041
706825
706950
707364
707560
707868
708282
708300
708687
708786
709200
709218
709389
709569
710028
710307
710550
710645
711063
711117
711333
711486
711675
712166
712327
712350
712575
712656
712674
712890
712975
713025
713538
713900
713979
714384
714425
714600
714618
714850
714861
715149
715302
715400
715725
716400
717075
717300
717507
717651
717850
717867
717912
717925
717975
718650
718911
719075
719829
720450
720477
720567
720675
720918
721287
721476
721800
721917
722025
722975
723078
723096
723150
723338
723672
723825
724050
724122
724527
724725
725200
725249
725805
725850
725886
726425
726525
726700
726768
726939
727038
727200
727452
727776
728100
728550
728559
728728
729025
729147
729414
729450
729725
729900
730100
730197
730303
730737
730881
730925
731178
731475
731925
732108
732150
732204
732825
732897
733122
733149
733275
733383
733775
733824
733986
734193
734274
734832
735147
735196
735597
735975
736029
736083
736200
736225
736372
736650
736758
737009
737253
737523
737891
738100
738684
738900
739116
739900
739998
740050
740600
740700
740727
741027
741393
741600
742248
742275
742577
742644
742725
743575
743600
743787
743814
744021
744075
744175
744300
744408
744800
745425
745650
746100
746613
746775
746811
747477
747675
747936
748350
748377
748503
748800
749025
749075
749232
749259
749475
750150
750200
750533
750925
751050
751400
751581
751709
752050
752150
752175
752238
752346
752499
752950
752983
753075
753588
753669
753768
754200
754416
754992
755100
755478
755766
755775
755825
755874
756150
756225
756250
756275
756613
757017
757638
757800
758275
758475
758925
758961
758979
759275
759492
759600
759843
760122
760284
760627
761076
761112
761166
761760
761850
761852
761950
762048
762093
762525
762975
763200
763389
763542
763650
763812
763902
764253
764405
764469
764550
764725
765063
765075
765486
765850
766575
766764
766850
767050
767619
767700
767781
767925
768108
768350
768834
769050
769104
769300
769761
769896
770247
770400
770427
771273
771300
772101
772245
772425
772475
772668
772975
773073
773075
773100
773150
773514
774189
774198
774200
774396
774450
775098
775350
775368
775719
775800
776025
776043
776150
776511
776650
776699
776700
777042
777062
777400
777425
777600
777825
777925
778316
778414
778725
778806
779175
779400
779607
779724
779850
780075
780275
780525
780804
781452
781794
781902
782127
782334
782971
782991
783009
783363
783450
783657
783711
784179
784800
785225
785475
785502
785575
785825
786150
786303
786366
786708
786744
787175
787176
787275
787525
787675
788067
788436
788850
788949
789300
789975
790200
790326
790704
791325
791550
791703
792036
792441
792550
792575
792756
792900
793575
794025
794200
794241
794300
794486
794700
794925
794976
795087
795240
795483
795575
795675
795708
796275
796725
797004
797328
797400
798075
798237
798300
798475
798507
798651
798700
798950
799326
799350
799650
799925
799974
800046
800325
800442
800513
800775
800856
801504
801837
801867
802314
802350
802800
803225
803257
803475
803502
803551
803600
803943
804150
804287
804447
804771
804972
805050
805725
805752
806013
806148
806175
806344
806400
806725
806975
807275
807471
807912
808020
808200
808425
808911
809127
809200
809725
809883
810450
810558
810700
810950
811200
811575
812045
812273
812394
812925
813006
813204
813400
813564
813600
813694
813725
813825
813967
814113
814527
814554
814950
815121
815175
815256
815337
815425
815499
816300
816425
816714
816732
816850
816966
816975
817200
817452
817839
817960
818298
818300
818325
818496
818892
818928
819378
819650
819675
819775
819900
819950
820350
820701
821338
821400
821916
822024
822600
822800
822861
823275
823347
823653
823690
823788
823950
824131
824180
824373
824382
824400
824425
824517
825021
825111
825246
825462
825507
825650
825846
825975
825993
826425
826434
827100
827325
827424
827757
828245
828639
828729
828850
829325
829800
829962
830300
830475
831150
831383
831825
831987
831996
832117
832320
832325
832608
832725
833049
833187
833247
833400
833508
834174
834525
834993
835200
835254
835499
836100
836381
836675
836775
837441
837450
837828
837925
837936
838100
838341
838409
838575
838800
838953
839256
839925
840150
840350
840546
840600
840708
840775
840950
840987
841275
841797
841918
841950
842634
842700
842800
842850
843192
843300
843633
844605
844650
844956
845064
845550
845676
845883
846225
846475
846810
846900
847197
847224
847242
847458
847575
847700
847728
847926
848025
848350
849072
849600
850025
850050
850150
850248
850275
851238
851571
852219
852267
852300
852453
852550
852774
852845
852894
852943
853128
853425
853450
854126
854325
854487
854802
854883
855050
855297
855450
855675
856075
856323
856422
857043
857700
858132
858150
858675
858725
859068
859100
859491
859509
859554
859725
860175
860391
860400
860832
860850
860886
860931
861714
861741
862011
862025
862200
862400
862425
863532
863821
863928
864666
864850
865332
865449
865575
865634
866124
866400
866475
866844
866925
867006
867600
867933
868014
868491
868525
868734
868950
869175
869445
869850
870093
870300
870350
870714
870732
872053
872200
872325
872739
873225
873378
873549
873620
873900
873981
874062
874764
874791
874944
875025
875425
876267
876537
876600
877050
877100
877212
877482
877492
877617
877786
877950
877982
878275
878400
878913
879075
879174
879300
879307
879354
879550
879912
879975
880236
880479
880677
880775
881001
881314
881325
881450
881559
881775
881973
882175
882675
883179
883300
883323
883421
883728
883800
884025
884475
884700
885528
886067
886075
886325
886851
886900
887175
887292
887850
888075
888264
888822
888925
889497
889850
889938
890226
890550
890575
890802
890847
891075
891306
891475
891900
892296
892575
892611
892800
892827
893142
893466
893907
894010
894069
894150
894691
894744
894789
895068
895279
895400
895700
895900
896112
896126
896247
896850
897300
897336
897525
897876
897925
898200
898614
898650
898758
898857
899150
899199
899300
899433
899496
899550
899946
899973
900000
900225
900432
900522
900603
900675
901208
901350
901450
901575
901600
901953
902547
902629
902781
902925
903125
903222
903600
904075
904150
904203
904275
904725
904950
905275
905373
905400
906010
906048
906059
906075
906516
906598
906696
907380
907650
907749
908100
908541
909194
909342
909351
909783
910175
910803
911025
911079
911106
911259
911475
911525
911645
911700
911979
912150
912429
912582
912825
912925
912950
912969
913050
913550
913671
913850
914121
914400
914526
915552
916200
916398
916425
916794
916938
917100
917286
917427
917550
917575
917721
917775
918090
918153
918603
918684
918873
918900
919044
919116
919467
919600
919828
919975
920367
920475
920925
921050
921200
921249
922275
922572
922716
922869
923247
923418
923472
923634
923850
924336
924550
924768
924975
925100
925200
925218
925443
925659
925956
926757
926982
927325
927864
927900
927979
928350
928550
928575
928675
928917
929025
929223
929575
929700
929925
930853
930951
931050
931158
931275
931491
931662
931833
931896
932184
932225
932373
932575
933273
933759
933894
934092
934425
935100
935325
935397
935451
935753
935775
935802
935900
936150
936396
936450
936782
937350
937443
937517
937566
937692
937800
937917
937998
938350
938457
938556
938600
938718
938825
938889
938975
939150
939771
939807
939825
940050
940654
940775
940800
940896
941400
941499
941562
941780
942025
942175
942417
942741
942858
943074
943200
944100
944181
944550
945063
945225
945504
945700
945900
946062
946400
946475
946800
946825
946925
947439
947475
947807
948640
948708
948787
948825
949032
949275
949473
949608
949850
949950
950600
950850
951525
951957
951975
952146
953001
953050
954225
954324
954567
954675
954810
954845
954850
954873
954900
955053
955188
955900
956088
956142
956650
956700
956925
957168
957275
957675
957906
958050
958275
958300
958725
958734
958925
958950
959075
959077
959220
959409
959616
959751
960596
960678
960939
960975
961103
961263
961272
961425
961587
961650
961704
961722
962100
962262
963450
963675
964026
964075
964314
964350
964800
964854
964908
965025
965178
965300
965425
965675
965943
966427
966575
966672
966825
967150
967525
967554
968150
968202
968400
968688
968850
970173
971028
971181
971199
971388
971523
972356
972450
972650
972846
973287
973359
973440
973575
973800
974454
974961
975100
975600
975744
975825
975933
976275
976325
976820
977158
977256
977337
977589
977922
977976
978003
978138
978300
978525
978650
979132
979200
979461
980200
980325
980550
980766
980784
981198
981552
981675
981819
981900
982450
982548
983150
983411
983700
983725
983925
984087
984214
984425
984456
984600
984998
985025
985194
985680
985779
986150
986400
986517
987300
987399
987723
987975
988175
988428
988812
989016
989163
989325
989800
989825
990143
990288
990486
990711
991025
991350
991368
991539
991692
992025
992079
992200
992525
992691
992700
993132
993150
993213
993475
993582
993894
994725
994903
995175
995346
995778
995850
996183
996611
997100
997200
997272
997443
997524
997776
998046
998100
998118
998424
999045
999225
999450
999747
