2835
4455
5265
5670
6237
6885
7371
7695
8910
9315
9639
10125
10530
10773
11340
11583
11745
12474
12555
13041
13125
13770
14742
14985
15147
15390
16443
16605
16875
16929
17415
17577
17820
17901
18630
19035
19278
20007
20250
20493
20625
20979
21060
21465
21546
22680
23166
23247
23490
23895
24219
24375
24381
24705
24948
25110
25839
26082
26163
26250
26649
27135
27540
27621
27783
28755
29484
29565
29970
30051
30294
30537
30780
31671
31875
31995
32643
32886
32967
33210
33453
33615
33750
33858
34587
34830
35154
35397
35625
35640
35802
36015
36045
36531
37260
37989
38070
38313
38556
38961
39285
39933
40014
40257
40500
40905
40986
41250
41391
41715
41877
41958
42120
42687
42930
43092
43125
43173
43335
44145
44631
44793
45279
45360
45765
46332
46494
46980
47061
47223
47709
47790
48125
48438
48750
48762
49410
49491
49896
50220
50463
50949
51435
51678
52164
52326
52500
52569
53055
53298
54027
54270
54351
54375
54999
55080
55242
55485
55566
55809
56295
56457
56875
56943
57267
57510
57753
58125
58401
58968
59130
59211
59697
59940
60102
60345
60588
60669
61074
61155
61560
61803
62127
63099
63261
63342
63585
63750
63990
64071
64233
64719
64827
65043
65286
65772
65934
66015
66177
66420
66906
67230
67500
67635
67716
68931
69174
69375
69660
70065
70308
70389
70551
70794
71250
71280
71604
72009
72030
72090
72333
72495
72819
72981
73062
73305
73953
74277
74375
74520
74763
75978
76140
76383
76626
76869
76875
77112
77355
77679
77922
78165
78570
78813
79233
79299
79785
79866
80028
80109
80514
80595
80625
81000
81243
81567
81810
81972
82500
82782
83125
83187
83430
83754
83916
83997
84240
84483
85374
85455
85617
85860
86184
86250
86346
86427
86670
86913
87399
87561
88125
88290
89019
89262
89375
89586
89991
90315
90558
90720
90801
91530
91773
91935
92259
92421
92664
92745
92907
92988
93639
93717
93879
93960
94122
94365
94446
94689
95337
95418
95580
96250
96309
96795
96876
97119
97500
97524
97605
97767
98091
98415
98739
98820
98982
99375
99792
100440
100521
100625
100683
100926
101007
101493
101655
101898
102141
102627
102870
102951
103113
103356
104085
104328
104652
105000
105138
106110
106353
106515
106596
107811
107973
108054
108297
108459
108540
108702
108750
108783
108945
109269
109431
109755
109917
109998
110160
110403
110484
110625
110970
111132
111618
111699
112185
112347
112590
112671
112833
112914
113157
113643
113750
113805
113886
114291
114375
114534
114615
114777
115020
115506
116250
116721
116802
116875
117936
118017
118260
118422
118665
118989
119394
119637
119880
120204
120690
121176
121338
121581
122067
122148
122310
122451
122553
122877
123120
123606
123849
124254
124335
124497
124821
125625
125955
126198
126441
126522
126684
126765
126875
127170
127500
127737
127980
128142
128385
128466
128709
128871
129438
129654
129843
130086
130572
130625
131544
131868
132030
132055
132111
132273
132354
132759
132840
133083
133125
133569
133731
133812
134055
134460
134541
135000
135270
135432
135513
135625
135999
136485
136647
136857
136875
136971
137781
137862
137943
138125
138348
138591
138750
139077
139320
139887
140130
140535
140616
140778
140859
141102
141345
141588
141831
142317
142500
142560
142803
142965
143208
143289
144018
144060
144180
144261
144666
144990
145233
145395
145638
145719
145962
146124
146367
146610
147177
147339
147906
148125
148149
148554
148635
148750
148797
149040
149121
149283
149526
150093
151065
151956
152280
152523
152766
153171
153252
153495
153657
153738
153750
154143
154224
154375
154629
154710
155115
155358
155439
155601
155625
155844
156065
156087
156330
156897
157059
157140
157383
157545
157626
158125
158466
158517
158598
158841
159003
159327
159489
159570
159732
160056
160218
160461
160785
161028
161190
161250
161271
161875
162000
162405
162486
163134
163620
163701
163944
164673
165000
165321
165564
165645
165669
165807
166131
166250
166374
166779
166860
166875
167508
167751
167832
167994
168237
168480
168966
169695
170181
170505
170748
170910
171234
171477
171639
171720
171963
172368
172500
172692
172854
173340
173826
173907
174069
174555
174798
174879
175122
175365
175527
175851
176013
176250
176337
176580
176823
177309
177471
177795
177957
178038
178281
178524
178750
179172
179375
179415
179739
179982
180387
180630
180711
181116
181440
181602
181845
181875
182169
182817
183060
183303
183546
183870
184518
184599
184842
185085
185328
185490
185571
185814
185976
186705
186875
187278
187434
187515
187677
187758
187920
188001
188125
188163
188244
188487
188649
188730
188892
189135
189375
189378
190593
190674
190836
191079
191160
191403
191889
192500
192618
193125
193590
193752
193995
194238
194967
195000
195048
195210
195453
195534
195939
196182
196749
196830
197235
197478
197640
197883
197964
198369
198693
198750
198855
199341
199375
199584
200151
200625
200799
200880
201042
201123
201250
201366
201609
201771
201852
201875
202014
202095
202257
202581
202986
203067
203229
203310
203553
203715
203796
204039
204085
204282
204375
205173
205254
205497
205625
205740
205902
206145
206226
206712
207441
207603
207927
208089
208170
208413
208656
208887
209061
209304
209547
210000
210276
210519
210843
211005
211491
211815
211875
212220
212463
212706
212787
212949
213030
213125
213192
213921
214375
214731
214893
215622
215946
216108
216189
216513
216594
216918
217080
217161
217404
217500
217566
217890
218538
218781
218862
219105
219510
219615
219834
219996
220320
220563
220806
220968
221250
221535
221940
222183
222264
222507
223236
223293
223398
223479
223641
224370
224451
224613
224694
225099
225180
225342
225585
225666
225828
226314
227286
227367
227500
227610
227772
227853
228015
228095
228582
228750
228987
229068
229230
229311
229554
229959
230040
230445
231012
231255
231875
231903
232227
232389
232500
233361
233442
233604
233685
233750
234333
234819
235625
235791
235872
236034
236520
236601
236763
236844
237249
237330
237573
237735
237978
238125
238221
238707
238788
239031
239274
239679
239760
240165
240408
241137
241380
241461
241623
241947
242352
242433
242595
242676
243162
243405
243567
244053
244134
244296
244375
244377
244620
244902
245106
245349
245511
245625
245754
245835
246240
246483
246807
247212
247293
247698
248265
248508
248670
248751
248913
248994
249237
249642
249885
250371
250695
250857
251181
251250
251343
251667
251875
251910
252153
252396
252882
253044
253287
253368
253530
253611
253750
253773
254259
254340
254375
254583
255000
255069
255231
255474
255555
255879
255960
256041
256284
256770
256875
256932
257013
257418
257742
258125
258633
258876
258957
259119
259308
259605
259686
260172
260415
260625
261063
261144
261250
261387
261873
262035
262359
262521
263007
263088
263736
264060
264110
264222
264303
264465
264546
264708
264789
265437
265518
265680
265761
266166
266247
266250
266511
266733
266875
266895
267138
267462
267624
267705
268110
268677
268920
269082
270000
270297
270540
270621
270864
271026
271250
271269
271593
271998
272565
272970
273125
273294
273537
273699
273714
273750
273942
274023
274185
275157
275481
275562
275643
275724
275886
276115
276129
276250
276615
276696
276939
277101
277182
277500
277587
277911
278154
278397
278559
278640
278883
279375
279774
279855
280260
281070
281232
281313
281556
281718
281875
282204
282447
282690
282933
283125
283176
283257
283662
283743
283905
284634
285000
285120
285201
285363
285606
285930
286416
286578
287145
287631
288036
288120
288360
288522
288603
289089
289332
289980
290466
290547
290709
290790
291195
291276
291438
291519
291681
291924
292248
292491
292734
293125
293220
293949
294354
294375
294435
294678
294921
295323
295407
295569
295625
295812
295893
296250
296298
296541
296865
297027
297108
297270
297500
297594
297999
298080
298242
298323
298566
299052
299295
300125
300186
300267
300625
300753
300915
302130
302697
303183
303669
303912
304155
304560
304803
305046
305532
305625
306261
306342
306504
306585
306747
306990
307071
307314
307461
307476
307500
307719
308125
308205
308286
308448
308529
308691
308750
309177
309258
309420
309729
309987
310149
310230
310625
310716
310878
310959
311121
311202
311250
311445
311688
312130
312174
312579
312660
313065
313125
313389
313794
314118
314280
314523
314766
315090
315252
315333
315819
315981
316250
316932
317034
317196
317682
318006
318654
318735
318897
318978
319140
319221
319375
319464
319869
320112
320193
320436
320679
320841
320922
321570
321813
322056
322137
322299
322380
322500
322542
322623
322785
323125
323271
323750
323757
324000
324375
324729
324810
324972
326268
326511
326673
326997
327159
327240
327402
327483
327645
327888
328455
328941
329103
329346
329375
329589
330000
330642
331047
331128
331290
331338
331614
331857
332262
332343
332500
332505
332748
332829
333125
333315
333477
333558
333720
333750
333801
334611
334935
335016
335421
335502
335625
335664
335745
335988
336231
336474
336960
337203
337689
337851
337932
338541
338661
338823
339147
339309
339375
339390
339633
339795
340362
340767
341010
341253
341496
341820
342063
342468
342954
343197
343278
343343
343440
343926
344007
344169
344375
344736
345000
345384
345465
345625
345627
345708
346599
346680
347085
347571
347652
347814
347895
348138
348145
348543
348867
349029
349110
349353
349375
349515
349596
349758
349839
350001
350244
350730
350811
350973
351054
351702
351783
352026
352431
352500
352674
353160
353646
353727
353889
354618
354699
354861
354942
355185
355347
355590
355833
355914
356076
356319
356562
356805
357048
357291
357500
357615
357777
358125
358344
358587
358749
358750
358830
359235
359478
359559
359964
360693
360774
361260
361422
361875
361989
362151
362232
362880
363125
363204
363447
363690
363750
364338
364375
364419
364581
365391
365634
366120
366606
366849
367011
367092
367335
367497
367740
367821
368125
368793
368955
369036
369198
369279
369375
369684
370170
370251
370413
370656
370737
370899
370980
371142
371628
371709
371952
372155
372195
372681
373125
373167
373329
373410
373653
373750
373977
374139
374556
374787
374868
375030
375111
375273
375354
375516
375840
376002
376245
376250
376326
376488
376974
377298
377460
377541
377784
378027
378270
378750
378756
379161
379485
379647
380619
381105
381186
381348
381429
381591
381672
381759
381875
382077
382158
382320
382806
382887
383535
383778
383859
384021
384507
385000
385236
385317
385803
385965
386250
386289
386451
386937
387180
387261
387504
387990
388476
389375
389691
389934
390000
390096
390339
390420
390906
391068
391149
391635
391797
391878
392121
392283
392364
392607
392769
393093
393125
393255
393498
393579
393660
394227
394470
394713
394956
395280
395307
395523
395625
395685
395766
395928
396171
396657
396738
397386
397467
397500
397710
397953
398115
398682
398750
399087
399168
400059
400302
401250
401355
401598
401760
402003
402084
402246
402500
402732
403218
403299
403461
403542
403704
403750
403785
404028
404190
404514
404757
405162
405625
405972
406134
406377
406458
406620
407106
407187
407349
407430
407592
407673
408078
408170
408564
408645
408750
409293
409617
410103
410265
410346
410508
410589
410751
410994
411250
411480
411804
412209
412290
412452
412533
412695
413424
413505
413991
414882
414963
415206
415449
415611
415854
416097
416178
416340
416421
416583
416826
416875
417069
417312
417555
417774
418041
418122
418125
418365
418608
419013
419094
419337
419375
419823
420000
420471
420552
420795
421038
421281
421686
421767
422010
422253
422739
422901
422982
423630
423750
424375
424440
424845
424926
424977
425169
425331
425412
425574
425625
425655
425817
425898
426060
426250
426303
426384
426627
426789
427842
428247
428415
428733
428750
429219
429375
429462
429705
429786
430191
430515
430625
430677
431001
431244
431487
431892
432216
432378
432459
432945
433026
433188
433593
433836
433917
434079
434160
434322
434403
434808
435000
435051
435132
435537
435625
435780
436023
436509
436875
437076
437481
437562
437724
438210
438291
439020
439230
439375
439383
439668
439749
439992
440235
440640
441126
441207
441612
441855
441875
441936
442179
442341
442500
442665
443070
443313
443880
444185
444285
444366
444528
444609
445014
445257
445625
446229
446472
446553
446586
446715
446796
446958
447282
448125
448173
448659
448740
448902
448983
448987
449145
449226
449388
449469
450198
450360
450441
450625
450684
450927
451170
451332
451656
451875
451899
452385
452547
452628
452709
453357
453519
453843
454329
454491
454572
454734
454815
454977
455000
455220
455544
455706
455787
455949
456030
456190
456273
456875
457164
457245
457500
457974
458136
458460
458622
458703
459108
459351
459837
459918
460080
460625
460890
461619
462024
462267
462510
462753
463563
463750
463806
464049
464211
464454
464778
465000
465507
465993
466155
466479
466641
466722
466884
466965
467127
467208
467370
467451
467500
467613
467937
468125
468666
468909
469638
470043
470529
470625
471015
471250
471582
471744
472068
472473
472797
473040
473202
473526
473688
474255
474498
474660
475146
475470
475713
475956
476250
476442
476875
477171
477333
477414
477576
477819
478062
478305
478548
478629
478791
479277
479358
479375
479520
479601
480330
480573
480735
480816
481221
481707
481875
482031
482274
482601
482679
482760
482922
483003
483165
483246
483489
483651
483894
484137
484623
484704
484866
485109
485190
485352
485433
485919
486081
486324
486405
486810
486875
487053
487134
487377
487539
487863
488106
488125
488268
488511
488592
488750
488754
489240
489321
489804
489969
490212
490698
490779
491022
491250
491265
491508
491670
491751
492205
492237
492480
492885
492966
493125
493614
494343
494375
494424
494586
494667
494829
495315
495396
495625
495639
496287
496530
497016
497259
497340
497502
497745
497826
497988
498474
498555
498717
499041
499284
499375
499527
499689
499770
500499
500661
500742
500985
501147
501390
501471
501633
501714
501809
501875
502362
502500
502686
502929
503334
503750
503820
504306
504375
504387
504792
504873
505359
505764
505845
506088
506574
506736
506979
507060
507222
507500
507546
508125
508518
508680
508750
508761
508923
509166
509409
509895
510000
510138
510462
510625
510948
511110
511353
511413
511758
511839
511920
512082
512435
512568
512811
513540
513621
513750
513864
514026
514107
514269
514836
515484
516051
516215
516250
516537
517023
517185
517266
517752
517914
517995
518238
518481
518616
518643
518967
519210
519372
519375
519615
520344
520830
520911
521073
521250
521397
521559
521883
522045
522126
522288
522500
522774
522855
523017
523503
523746
523827
524070
524718
525042
525285
525447
525819
525933
526014
526176
526257
526419
526743
526875
526905
527229
527391
527472
527715
528120
528220
528363
528444
528606
528687
528930
529092
529173
529335
529416
529578
529659
529821
530621
530625
530874
531036
531117
531279
531360
531522
531875
532332
532494
532500
533022
533223
533466
533547
533709
533750
533790
534033
534195
534276
534924
535005
535248
535410
535491
535653
535977
536220
536463
536949
537111
537354
537435
537840
537921
538164
538569
540000
540027
540351
540594
540837
541080
541242
541323
541728
542052
542457
542500
542538
543125
543186
543267
543996
544375
545130
545211
545859
545940
546183
546250
546588
546669
546831
547074
547317
547398
547428
547500
547884
548046
548127
548289
548370
548613
549375
549747
550314
550557
550719
550962
551124
551205
551286
551448
551529
551772
552177
552230
552258
552500
552501
553230
553392
553635
553878
553959
554202
554364
554607
555000
555174
555579
555625
555822
556065
556308
556794
557118
557280
557361
557766
557847
558125
558333
558750
558981
559305
559548
559710
559953
560520
561411
561875
561897
562140
562221
562383
562464
562626
563112
563125
563193
563436
563750
564235
564408
564813
564894
565299
565380
565866
566109
566250
566352
566514
566595
567243
567324
567486
567729
567810
569037
569268
569511
569673
569997
570000
570240
570402
570625
570645
570726
570807
570999
571131
571212
571860
571941
572103
572427
572832
572913
573125
573156
573561
574047
574290
574371
574533
574857
575019
575262
575625
575991
576072
576240
576315
576477
576720
576875
576963
577044
577206
577773
577935
578178
578421
578664
578745
578907
579393
579717
579960
580365
580689
580851
580932
581094
581418
581580
581661
581823
582390
582552
582795
582876
583038
583119
583125
583281
583362
583848
584496
584577
584982
585063
585468
585711
586035
586250
586440
586521
586875
587169
587655
587898
588141
588465
588708
588750
588870
588951
589113
589356
589375
589437
589599
589842
590409
590571
590646
590814
590895
591138
591250
591543
591624
591786
592353
592500
592596
592839
593047
593082
593125
593487
593730
594054
594216
594375
594459
594540
594783
595000
595188
595755
595917
595998
596160
596241
596403
596484
596646
596727
597132
597213
597699
597849
598104
598347
598590
598671
599157
599375
599643
599781
599805
600129
600250
600372
600534
600615
601101
601250
601263
601506
601587
601830
602235
602559
602721
603045
603207
603693
604260
604503
604665
605151
605394
606123
606366
606933
607095
607338
607453
607581
607824
608125
608310
608553
609039
609120
609606
610011
610092
610173
610983
611064
611250
611875
611955
612522
612684
613008
613170
613251
613494
613980
614142
614628
614922
614952
615000
615357
615438
615681
616250
616329
616410
616572
616653
616815
616896
617058
617139
617382
617500
617787
618111
618125
618273
618354
618516
618597
618840
619458
619731
619974
620055
620298
620460
620541
620625
620703
621250
621432
621756
621918
621999
622242
622404
622500
622890
623376
623457
624260
624348
624429
624591
624915
625158
625320
625401
626049
626130
626250
626778
626859
626875
627345
627507
627588
627831
628236
628560
628803
628965
629046
629289
629375
629451
629532
630180
630261
630423
630504
630666
630747
631395
631638
631719
631875
631881
631962
632367
632500
632691
632853
633339
633864
634068
634311
634392
634635
634797
635364
635769
636012
636255
636265
636579
636741
637308
637470
637551
637794
637956
638280
638442
638750
638928
639171
639495
639657
639738
640143
640224
640386
640629
640872
640953
641067
641115
641358
641682
641844
641875
643059
643140
643626
644112
644274
644517
644598
644760
644841
645000
645084
645246
645327
645489
645570
646250
646299
646461
646542
646785
647271
647500
647514
647757
647919
648000
648125
648243
648405
648750
649458
649620
649701
649863
649944
650187
650625
650673
650835
651645
651807
651875
652131
652536
652617
653022
653103
653265
653346
653751
653994
654237
654318
654375
654480
654723
654804
654966
655290
655695
655776
656505
656910
657639
657882
658206
658449
658611
658692
658750
658935
659097
659178
659421
659583
660000
660069
660393
660625
660879
661284
661875
662013
662094
662256
662580
662676
662985
663228
663309
663714
663957
664281
664443
664524
664686
664767
665000
665010
665253
665496
665658
666250
666387
666630
666875
666954
667116
667440
667500
667602
668169
668331
668817
669141
669222
669627
669870
670032
670599
670625
670842
671004
671085
671250
671328
671490
671976
672219
672462
672948
673029
673125
673515
673920
674001
674375
674406
674487
674973
675135
675378
675459
675621
675625
675702
675864
675945
676107
676431
676917
677079
677082
677322
677646
678051
678294
678618
678750
678780
679023
679266
679590
680319
680481
680724
680967
681291
681453
681534
681777
682020
682506
682992
683640
683721
684126
684693
684936
685179
685665
685908
686151
686313
686394
686556
686686
686799
686875
686880
687123
687285
687609
687771
687852
688014
688095
688125
688257
688338
688743
688750
689067
689229
689472
690000
690039
690768
690930
691011
691250
691254
691416
692145
692469
692631
693117
693198
693360
693441
693927
694170
694375
694899
695142
695304
695547
695628
695790
696033
696276
696290
696843
697005
697086
697491
697734
697815
697977
698058
698220
698301
698691
698706
698750
699030
699192
699273
699375
699516
699678
699759
700002
700488
700625
700731
700893
701217
701379
701460
701622
701865
701946
702108
703323
703404
703566
704052
704862
705000
705105
705348
705591
706077
706320
707292
707454
707535
707778
708125
708183
708295
708669
709236
709398
709479
709722
709884
709965
710127
710370
710613
710625
710694
710937
711180
711666
711828
711875
712071
712152
712395
712557
712638
712881
713124
713125
713529
713610
713853
714096
714582
715000
715230
715554
716250
716283
716688
716875
716931
717174
717417
717498
717500
717660
717899
718125
718470
718713
718956
719118
719199
719361
719685
719928
720171
720819
721143
721386
721548
721629
722115
722277
722520
722601
722844
723087
723125
723735
723750
723978
724059
724302
724375
724464
724545
724707
725193
725760
726250
726408
726894
727137
727380
727461
727500
727503
727623
728109
728271
728676
728750
728838
729162
729375
729405
730377
730539
730625
730782
730863
731268
731511
731997
732240
732305
732807
733212
733293
733455
733698
734022
734184
734670
734751
734913
734994
735237
735399
735480
735625
735642
735723
736209
736250
736857
737181
737586
737667
737910
738072
738153
738315
738396
738558
738639
738750
738801
739368
739611
740340
740502
740583
740826
741069
741312
741474
741555
741798
741909
741960
742284
742527
742689
743125
743256
743418
743499
743904
744310
744375
744390
744633
744957
745362
746091
746250
746334
746577
746658
746691
746820
747063
747306
747500
747549
747873
747954
748035
748278
749007
749112
749375
749493
749574
749736
749979
750060
750222
750303
750546
750708
750951
751032
751680
751875
752004
752247
752409
752490
752500
752652
752976
753219
753381
753705
753867
753948
754353
754375
754596
754920
755082
755568
755649
756054
756135
756540
756875
757107
757500
757512
757593
757755
758322
758565
758970
759294
759699
760023
760185
760509
760995
761238
761875
761967
762210
762372
762696
762858
763182
763344
763518
763587
763750
764154
764316
764640
765045
765369
765531
765612
765774
765919
766875
766989
767070
767556
767718
767961
768042
768447
768933
769014
769905
770000
770229
770472
770634
770721
770877
771147
771363
771606
771687
771849
771930
772335
772500
772578
772902
773793
773874
774117
774360
774522
774603
774765
775008
775089
775251
775523
775625
775737
775980
776709
776875
776952
777033
777519
778167
778491
778750
778977
779375
779382
779868
780000
780192
780597
780678
780840
780921
781407
781812
782055
782136
782298
782379
782865
783027
783125
783270
783351
783513
783594
783756
784242
784323
784566
784728
784971
785127
785214
785538
785625
785781
785943
786186
786250
786267
786510
786753
786996
787158
787320
787887
788125
788211
788454
788940
789345
789375
789426
789912
790155
790317
790560
790614
790641
790803
791046
791250
791370
791532
791613
791856
791875
792342
793233
793314
793476
793557
793719
794375
794529
794772
794934
795000
795420
795625
795906
795987
796230
797121
797364
797500
797607
798093
798174
798336
798903
799065
799389
800118
800361
800604
801333
801495
801819
802500
802710
802953
803196
803277
803520
804006
804168
804335
804492
804735
804897
805000
805383
805464
806193
806436
806598
806679
806841
806922
807003
807084
807165
807408
807500
807570
808056
808125
808137
808299
808380
808623
808785
809028
809109
809271
809514
809595
809757
810081
810243
810324
811215
811250
811539
811701
811875
811944
812187
812268
812511
812673
812754
812916
813240
813939
813969
814212
814374
814455
814617
814698
814860
815103
815184
815346
815913
816156
816340
816561
816885
817128
817290
817500
817857
818586
818741
818829
819234
819477
819801
819963
820206
820449
820530
820625
820692
820935
821016
821178
821502
821745
821907
821988
822500
822717
822960
823125
823608
823851
824418
824580
824823
824904
825066
825147
825309
825390
825795
826767
826848
827010
827253
827577
827739
827982
828549
828711
829197
829764
829926
830169
830412
830625
830898
831141
831222
831465
831708
831875
832194
832356
832437
832599
832680
832842
833125
833166
833571
833652
833750
834057
834138
834537
834624
834867
835110
835515
835548
835625
835839
836082
836244
836250
836487
836730
836875
837216
837945
838026
838188
838269
838431
838674
838750
839241
839375
839403
839646
839727
840000
840699
840861
840942
841104
841590
841833
841875
842076
842157
842562
842643
842805
843125
843129
843291
843372
843534
843615
843777
844020
844101
844263
844375
844506
845235
845478
845721
845802
845964
846045
846207
846369
846531
847260
847500
848125
848151
848750
848880
848961
849123
849609
849690
849852
849933
849954
850095
850338
850662
850824
851148
851250
851310
851391
851634
851796
851875
851877
852039
852120
852355
852363
852500
852606
852768
853254
853497
853578
853821
853983
854307
854793
854955
855441
855684
855765
856413
856494
856737
856830
856875
856899
857223
857466
857500
858438
858750
858843
858924
859410
859572
860382
861030
861250
861354
861597
861875
862002
862083
862245
862488
862569
862974
863055
863541
863784
864189
864375
864432
864513
864756
864918
864999
865161
865485
865890
866052
866376
866457
866619
866875
867105
867186
867672
867834
867915
868077
868125
868158
868320
868401
868644
868806
868887
869375
869616
870000
870021
870102
870264
870507
870625
870831
871074
871250
871317
871560
871803
871965
872046
872937
873018
873125
873423
873750
874152
874233
874881
874962
875124
875205
875367
875448
875625
875691
875853
876177
876339
876365
876420
876582
876663
876875
878040
878121
878283
878460
878750
878766
878769
879336
879498
879984
880470
880551
880713
881037
881280
881875
882252
882414
882495
882657
882981
883224
883467
883710
883750
883872
883953
884358
884439
884601
884682
885000
885330
885411
885625
886140
886383
886626
887031
887760
887841
888003
888327
888370
888489
888570
888732
889056
889218
889461
890028
890271
890514
890757
890919
891250
891729
892215
892377
892458
892701
892863
892944
893106
893172
893349
893430
893592
893835
893916
894321
894564
895131
895293
896250
896265
896346
897318
897480
897561
897804
897966
897974
898125
898209
898290
898452
898776
898938
899019
899181
899505
899667
899991
900396
900625
900720
900882
901250
901368
901449
901854
902340
902421
902583
902664
902907
903312
903393
903750
903798
904527
904770
905094
905177
905256
905418
905499
905823
905985
906309
906714
906795
907038
907281
907443
907686
907767
907929
908415
908658
908739
908982
909144
909387
909468
909630
909711
909873
909954
910000
910197
910440
910625
911088
911169
911412
911574
911655
911898
912060
912303
912380
912546
912627
912789
913125
913750
913761
914328
914490
914571
914733
914781
915000
915543
915948
916029
916272
916920
917244
917406
917487
917973
918125
918135
918216
918621
918702
918945
919107
919674
919836
919917
920079
920160
920403
920565
920625
921051
921250
921537
921780
921861
922347
922509
923125
923238
923481
923805
924048
924453
924534
924939
925020
925101
925506
925749
926235
926721
927126
927500
927612
927693
928098
928179
928341
928422
928665
928908
929556
929637
929799
930000
930285
931014
931986
932067
932229
932310
932553
932958
933201
933282
933444
933768
933930
934011
934173
934254
934416
934497
934659
934740
934902
935000
935145
935226
935625
935874
935955
936250
936441
936603
936927
937089
937332
937413
937818
938061
938125
938791
938871
939276
939519
939843
940086
940491
941058
941250
941463
941875
941949
942030
942500
942513
942759
942921
943125
943164
943407
943488
943593
943731
943893
944136
944379
944703
944865
944946
945189
945351
945594
945625
946080
946323
946404
947052
947133
947295
947376
948105
948125
948267
948395
948510
948996
949320
949563
950049
950292
950535
950940
951021
951426
951507
951665
951669
951912
952155
952479
952500
952641
952884
953451
953613
953750
954342
954375
954585
954666
954828
955071
955152
955557
955625
955638
956124
956610
957096
957258
957339
957582
958554
958716
958750
959040
959202
959283
959931
960255
960417
960625
960660
960741
961146
961470
961632
961713
962199
962442
962685
963125
963333
963414
963750
963819
964062
964305
964548
964791
965115
965202
965277
965358
965520
965844
966006
966249
966330
966492
966978
967302
967545
967603
967707
967788
968274
968517
969003
969165
969246
969408
969732
970218
970380
970623
970704
970866
971109
971433
971595
971838
972081
972162
972648
972810
973053
973377
973620
973750
973863
974106
974268
974349
974511
974754
975078
975625
975726
975807
976212
976250
976293
976455
976536
976779
976875
976941
977022
977184
977207
977427
977500
977508
978237
978399
978480
978642
978723
978885
979371
979608
979938
980424
980625
981315
981396
981558
982044
982287
982500
982530
982611
982773
983016
983097
983259
983340
983502
984231
984410
984474
984960
985527
985625
985689
985770
985932
986250
986499
986661
986811
986985
987147
987228
987471
987633
988119
988605
988686
988750
988848
988929
989172
989334
989577
989658
990063
990549
990630
990792
990873
991035
991250
991278
992007
992574
993060
993125
993951
994032
994375
994518
994680
994923
995004
995247
995490
995652
995733
995895
995976
996415
996867
996948
997110
997191
997353
997434
997677
997839
998082
998568
998750
999054
999135
999378
999540
999635
