11025
22050
27225
38025
44100
53361
54450
65025
74529
76050
81225
88200
106722
108900
119025
127449
130050
148225
149058
152100
159201
162450
164025
176400
184041
189225
207025
213444
216225
217800
233289
238050
254898
260100
296450
298116
304200
308025
314721
318402
321489
324900
328050
352800
354025
368082
370881
378225
378450
393129
414050
416025
423801
426888
432450
435600
439569
442225
466578
476100
497025
509796
511225
520200
549081
576081
592900
596232
603729
608400
616050
629442
632025
636804
642978
648025
649800
656100
705600
708050
736164
741321
741762
756450
756900
783225
786258
793881
804609
815409
828100
832050
837225
847602
853776
864900
871200
874225
879138
884450
915849
933156
938961
952200
974169
994050
