25515
40095
47385
51030
56133
61965
66339
69255
80190
83835
86751
91125
94770
96957
102060
104247
105705
112266
112995
117369
123930
132678
134865
136323
138510
147987
149445
152361
156735
158193
160380
161109
167670
171315
173502
180063
182250
184437
188811
189540
193185
193914
204120
208494
209223
211410
215055
217971
219429
222345
224532
225990
232551
234738
235467
239841
244215
247860
248589
250047
258795
265356
266085
269730
270459
272646
274833
277020
285039
287955
293787
295974
296703
298890
301077
302535
304722
311283
313470
316386
318573
320760
322218
324405
328125
328779
335340
341901
342630
344817
347004
350649
353565
359397
360126
362313
364500
368145
368874
372519
375435
376893
377622
379080
384183
386370
387828
388557
390015
397305
401679
403137
407511
408240
411885
416988
418446
421875
422820
423549
425007
429381
430110
435942
438858
444690
445419
449064
451980
454167
458541
462915
465102
469476
470934
473121
477495
479682
486243
488430
489159
494991
495720
497178
499365
500094
502281
506655
508113
512487
515403
515625
517590
519777
525609
530712
532170
532899
537273
539460
540918
543105
545292
546021
549666
550395
554040
556227
559143
567891
569349
570078
572265
575910
576639
578097
582471
585387
587574
591948
593406
594135
595593
597780
602154
605070
608715
609375
609444
620379
622566
626940
630585
632772
633501
634959
637146
641520
644436
648081
648810
650997
652455
655371
656250
656829
657558
659745
665577
668493
670680
672867
683802
685260
687447
689634
691821
694008
696195
699111
701298
703485
707130
709317
713691
718065
718794
720252
720981
724626
725355
729000
731187
734103
736290
737748
745038
748683
750870
753786
755244
755973
758160
760347
768366
769095
770553
772740
775656
777114
777843
780030
782217
786591
788049
794610
796875
801171
803358
806274
809919
812835
815022
816480
817209
823770
825957
827415
830331
831789
833976
834705
836163
836892
843453
843750
844911
845640
847098
849285
850014
852201
858033
858762
860220
866781
871155
871884
874071
877716
878445
879903
882819
888651
889380
890625
890838
898128
903960
904689
906147
908334
909063
913437
914895
917082
919269
923643
925830
926559
928017
930204
936765
938952
941868
946242
954990
957177
958635
959364
970299
971757
972486
974673
976131
976860
978318
979047
980505
983421
984879
987795
989253
989982
991440
993627
994356
998730
