14175
19845
22275
26325
28350
34425
38475
39375
39690
43659
44550
46575
49005
51597
52650
56700
58725
61875
62775
67473
68445
68607
68850
73125
74925
75411
76950
78750
79380
83025
87075
87318
89100
91287
91875
93150
95175
95625
95823
98010
103194
105300
106875
107325
108045
113400
115101
117045
117450
119475
123039
123525
123750
125550
127413
129375
134946
135675
136890
137214
137700
143775
146205
146250
146853
147825
149850
150579
150822
151875
153900
157500
158760
159975
162729
163125
163863
166050
166617
168075
170667
174150
174375
174636
178200
180075
180225
182574
183750
186219
186300
186543
190350
191250
191646
196020
196425
204525
204687
206388
208125
208575
210357
210600
213750
214245
214650
216090
216675
220725
225423
226800
226875
228825
230202
230625
232713
234090
234171
234900
237699
238950
241875
242109
246078
247050
247500
251100
253125
254826
257175
257499
258750
260091
264375
265275
265923
269892
271350
273780
274428
275400
277425
280917
281475
281799
284229
287550
289737
292410
292500
293706
295650
298125
299700
299943
301158
301644
301725
303750
303831
304317
305775
307800
313551
314847
315000
316875
317520
317925
319950
321651
325458
326250
327726
329427
330075
331875
332100
333234
336150
336875
338175
340605
341334
343125
348300
348750
349272
350325
353241
356400
360150
360450
362475
362637
365148
366525
367353
367500
372438
372600
373086
376875
380133
380700
382500
383292
384993
386775
389205
390825
392040
392850
396981
398125
398925
399375
400869
401841
402975
408807
409050
409374
410571
410625
412776
416250
417150
420714
421200
421443
424359
424683
427275
427500
428490
429300
432180
432621
433350
441450
444375
444771
448497
450846
451575
453600
453750
457650
459675
460404
460647
461250
463725
465426
466875
468180
468342
469800
471339
471825
475398
476847
477900
483750
483975
484218
488025
492075
492156
494100
495000
497007
497097
500625
502200
504063
506250
506493
508275
509652
514350
514998
517500
519453
519939
520182
520425
520625
528750
529375
530550
531846
532575
538407
539784
541875
542700
543753
544725
544887
545625
547560
548775
548856
550800
551691
554445
554850
557037
560925
561249
561834
562950
563598
568125
568458
569025
573075
575100
578259
579375
579474
581875
583443
584820
585000
587412
588627
591300
591381
593325
596250
597861
599319
599400
599886
601875
602316
603288
603450
607500
607662
608634
611550
613125
615600
621675
623133
626661
627102
629694
629775
630000
633750
633825
635040
635625
635850
639900
641925
643302
643383
646947
650916
652500
655452
656667
658845
658854
660150
660275
662823
663750
664200
666468
669879
670275
672300
672543
673750
676350
676875
678861
680805
681210
682425
682668
686250
686637
695871
696600
697500
698544
700650
702675
704375
706482
706725
710451
712800
714375
714825
715473
718389
720300
720900
724950
725274
725517
725679
726975
728433
730296
733050
734706
735000
736875
739375
743175
744876
745200
746172
748845
749331
753750
755325
758079
760266
761400
765000
766017
766584
767475
769986
770625
773550
774279
775575
776223
778410
780325
781650
781875
781893
784080
785700
787725
789831
793962
796250
797850
798750
799533
801738
803682
803925
805950
807651
812025
813483
814131
817614
818100
818748
821142
821250
825552
828225
832500
834300
835029
837459
838125
841428
842400
842886
847989
848475
848718
849366
849375
852525
854550
855000
856251
856980
858600
864360
865242
866133
866700
871563
872289
872775
876825
882900
883125
885087
885573
885969
888125
888750
888975
889542
894645
896994
897075
900963
901692
903150
906471
907200
907500
908901
909225
915300
916875
917163
919350
920808
921294
922383
922500
924777
925425
927450
929187
930852
933525
933750
936360
936684
937575
939375
939600
942678
943650
945675
948591
949375
950697
950796
953127
953694
955800
956529
959769
964467
967500
967950
968436
969975
971919
973125
976050
983125
984150
984312
986175
988200
989901
990000
991875
994014
994194
994275
996219
999297
