10395
12285
15015
16065
17955
19305
19635
20790
21735
21945
23205
23625
24570
25245
25935
26565
27027
27405
28215
28875
29295
29835
30030
31395
32130
33345
33495
33915
34125
34155
34965
35343
35805
35910
36465
37125
38610
38745
39270
39501
39585
40365
40635
40755
41055
41580
41769
42315
42735
43065
43470
43605
43875
43890
44415
44625
45885
46035
46305
46410
46683
47250
47355
47817
49140
49335
49665
49875
50085
50490
50505
50895
51051
51765
51870
52785
53130
53295
53625
54054
54285
54405
54810
54945
55335
55755
55965
56430
56511
56595
57057
57375
57645
57750
57855
58590
58695
58995
59670
60060
60291
60375
60885
61047
61215
61845
62205
62790
62985
63315
63855
64125
64155
64260
64449
64515
64935
65637
66045
66495
66555
66690
66885
66990
67095
67830
68145
68250
68310
68985
69069
69795
69930
70035
70125
70455
70686
71145
71253
71610
71820
71955
72105
72345
72930
73185
73359
73815
73899
74250
74385
74613
74655
74865
75465
76125
76167
76245
76545
76755
76923
77220
77385
77490
77625
78375
78435
78540
78705
79002
79170
79365
79515
80535
80730
81270
81345
81375
81510
81795
82005
82110
82485
82593
82875
83160
83265
83538
83895
84105
84315
84630
84915
85085
85215
85239
85470
85785
86130
86940
86955
87087
87210
87465
87615
87750
87780
87945
88179
88803
88830
89250
89355
89397
90045
90321
90585
90909
90915
91245
91455
91665
91770
92070
92235
92610
92625
92820
93015
93093
93177
93366
93765
94095
94395
94500
94605
94710
94875
94905
95095
95445
95634
95865
95931
96135
96255
96915
97125
97185
97335
97713
97755
97875
98280
98670
98685
99015
99330
99495
99603
99645
99750
100170
100737
100815
100947
100980
101010
101115
101790
101871
102102
102765
102795
103005
103530
103545
103740
103785
103845
104139
104625
105165
105315
105435
105570
105651
105735
106260
106590
106743
106785
107055
107250
107445
107625
107835
107865
108108
108405
108570
108810
108885
109620
109890
110055
110187
110295
110670
111111
111321
111435
111510
111930
111969
112035
112125
112665
112860
112875
113022
113190
113295
113373
113505
113685
113883
114114
114750
114855
114885
115005
115115
115290
115479
115500
115710
115995
116127
116655
117180
117315
117390
117585
117645
117705
117990
118335
118881
118965
119301
119340
119595
119625
119691
120015
120120
120285
120393
120435
120555
120582
120615
120750
121125
121365
121485
121635
121695
121737
121770
122094
122430
122655
122661
123123
123255
123375
123585
123690
123795
124355
124410
124605
124845
124875
125125
125580
125895
125970
126063
126555
126630
126735
126819
127281
127305
127710
127875
127995
128115
128250
128310
128520
128535
128625
128898
129030
129129
129465
129789
129870
130065
130221
130305
130515
130845
130935
131274
131355
131733
131835
132090
132165
132405
132867
132990
133110
133380
133455
133515
133665
133770
133980
134190
134589
134757
134805
135405
135660
135915
135945
136059
136290
136500
136620
137085
137241
137865
137970
138138
138159
138375
138567
138645
139035
139125
139293
139590
139755
139860
139965
139995
140070
140250
140415
140505
140595
140805
140910
141015
141141
141372
141375
141645
142155
142290
142485
142506
142545
142695
142857
143115
143220
143640
143715
143871
143910
144045
144210
144690
144855
144963
145125
145145
145299
145635
145665
145860
145935
146055
146370
146421
146625
146685
146718
146965
147147
147231
147315
147345
147609
147630
147798
148155
148335
148365
148500
148665
148770
148785
149205
149226
149310
149730
149877
149985
150195
150423
150535
150930
151011
151125
151305
151335
151767
151905
152250
152295
152334
152490
152625
152955
152985
153090
153387
153510
153765
153846
154035
154077
154245
154413
154440
154770
154845
154875
154980
155155
155250
155595
155805
156009
156195
156465
156519
156585
156750
156870
157080
157410
157437
157605
157815
158004
158235
158301
158340
158625
158730
158865
158895
159030
159159
159285
159315
159495
160125
160515
160545
160797
160839
161007
161070
161385
161460
161805
161865
162393
162540
162690
162750
162945
163020
163185
163485
163590
163625
163647
163875
164010
164220
164241
164565
164619
164703
164970
165186
165495
165585
165750
165945
166023
166155
166320
166530
167055
167076
167535
167739
167790
167805
168210
168245
168345
168399
168630
168777
168861
169125
169155
169260
169455
169830
169911
170085
170170
170235
170289
170430
170478
170940
171045
171105
171465
171570
171585
171717
171855
172095
172260
172515
172557
173043
173145
173355
173880
173910
174135
174174
174405
174420
174447
174930
174933
175230
175305
175500
175560
175695
175875
175890
175959
176295
176358
177045
177177
177255
177375
177555
177606
177660
177905
178035
178227
178365
178500
178710
178794
178815
178875
179265
179361
179655
179685
179949
179955
180090
180285
180375
180495
180642
180765
181170
181305
181335
181467
181815
181818
181830
182091
182115
182385
182490
182595
182875
182910
183183
183195
183330
183540
183855
183885
184005
184140
184470
184569
184875
184965
184977
185031
185115
185185
185220
185250
185640
185745
185895
186030
186165
186186
186354
186375
186732
186813
186921
187005
187245
187473
187530
187785
187935
188055
188190
188265
188595
188727
188790
189000
189210
189255
189405
189420
189567
189735
189750
189805
189810
190095
190190
190281
190323
190365
190485
190785
190890
190905
190995
191235
191268
191295
191625
191730
191862
191919
192045
192270
192423
192510
192855
192885
193375
193401
193515
193830
193875
194103
194250
194370
194535
194565
194649
194670
195426
195510
195585
195750
195993
196185
196365
196560
196581
196695
196707
197340
197370
197625
198030
198099
198315
198555
198645
198660
198835
198990
199017
199125
199155
199206
199290
199395
199500
199563
199815
199875
200340
200445
200583
201135
201201
201474
201495
201630
201663
201705
201894
201960
202020
202215
202230
202335
202635
202797
202895
203205
203385
203445
203580
203742
203931
204015
204204
204255
204309
204633
204765
204795
205205
205485
205530
205590
205755
205875
205905
206010
206115
206283
206415
206625
206739
206745
207009
207060
207090
207375
207480
207495
207570
207669
207690
207765
208035
208065
208131
208278
208335
208791
209055
209235
209250
209625
209715
209979
210045
210273
210330
210630
210735
210795
210870
210945
211140
211302
211470
211497
211761
211869
212135
212205
212520
212667
212895
213003
213180
213213
213465
213486
213570
214110
214137
214305
214500
214515
214785
214890
214935
215061
215215
215250
215271
215670
215730
216125
216195
216216
216405
216645
216783
216810
217005
217107
217140
217455
217620
217770
217833
217875
218085
218127
218595
218625
218673
219051
219219
219240
219780
219945
220110
220185
220374
220455
220590
220605
220779
220875
220935
221235
221265
221340
221375
221595
221805
222105
222222
222285
222453
222495
222585
222615
222642
222870
222885
222915
223020
223041
223665
223860
223905
223938
224070
224235
224250
224315
224721
224895
225330
225435
225720
225750
225855
226005
226044
226083
226125
226380
226590
226611
226665
226695
226746
226765
227010
227370
227409
227535
227715
227745
227766
227799
227955
228123
228165
228228
228285
228459
228855
229125
229215
229245
229500
229515
229710
229770
229845
229905
230010
230230
230391
230580
230685
230945
230958
230985
231000
231105
231363
231420
231495
231693
231795
231855
231990
232254
232323
232617
232815
233145
233310
233625
233805
233835
234117
234255
234360
234549
234630
234765
234780
234927
235170
235235
235290
235365
235410
235521
235683
235875
235980
236145
236379
236385
236670
236985
237195
237237
237303
237615
237705
237762
237930
238005
238119
238329
238602
238680
238815
239190
239250
239295
239382
239547
239625
239785
240030
240219
240240
240405
240435
240465
240555
240570
240597
240786
240870
241110
241164
241230
241500
241815
241995
242055
242165
242250
242385
242535
242649
242730
242865
242970
243165
243270
243375
243390
243474
243540
243705
243789
243915
243945
244188
244335
244545
244647
244860
245157
245245
245295
245310
245322
245427
245565
245973
246246
246375
246510
246750
246753
246915
247065
247170
247380
247590
247665
247845
247863
247995
248115
248157
248235
248535
248710
248745
248805
248820
249210
249249
249645
249690
249711
249750
250125
250155
250250
250263
250305
250705
250971
251160
251505
251559
251625
251790
251937
251940
252126
252195
252681
252735
252747
252909
253071
253110
253260
253365
253470
253605
253638
253827
253995
254163
254205
254265
254541
254562
254610
254625
254961
255285
255420
255750
255990
256095
256215
256230
256473
256500
256581
256620
256785
256795
256905
257040
257070
257145
257250
257439
257565
257607
257715
257796
258060
258258
258375
258405
258687
258930
258951
259065
259335
259545
259578
259740
259935
260015
260130
260145
260205
260253
260295
260337
260442
260610
260715
261030
261345
261375
261495
261555
261625
261690
261765
261870
261885
262143
262185
262305
262515
262548
262605
262710
262899
263055
263109
263235
263445
263466
263625
263670
264033
264180
264195
264330
264495
264615
264735
264810
264957
265005
265125
265167
265221
265265
265545
265734
265785
265815
265965
265980
266133
266220
266385
266625
266679
266760
266910
267003
267030
267267
267330
267375
267435
267540
267597
267729
267813
267960
267995
268345
268380
268569
268755
268785
268905
269115
269178
269445
269514
269535
269610
269841
269997
270165
270351
270375
270465
270655
270810
271005
271095
271320
271635
271830
271890
272085
272118
272349
272415
272580
272685
272835
272895
273000
273240
273315
273375
273429
273585
273615
273819
274125
274131
274170
274455
274482
274505
274659
274911
275145
275373
275415
275535
275655
275730
275835
275940
276045
276276
276318
276345
276375
276750
276885
277035
277134
277290
277305
277641
277965
278070
278103
278250
278355
278586
278817
279015
279125
279180
279510
279565
279585
279720
279930
279990
280071
280125
280140
280245
280395
280449
280500
280830
280875
280995
281010
281190
281435
281589
281610
281820
281853
281865
282030
282282
282315
282625
282744
282750
283101
283290
283305
283605
283635
283689
284115
284310
284487
284580
284823
284970
285012
285090
285390
285714
285795
285855
285957
286065
286125
286143
286195
286230
286440
286605
286671
286713
286767
286935
287091
287280
287430
287625
287742
287820
288015
288057
288090
288420
288435
288915
288981
289380
289695
289710
289731
289845
289905
289926
290115
290250
290290
290493
290598
290871
290895
290955
291165
291249
291270
291291
291330
291465
291669
291720
291870
291885
292110
292125
292485
292545
292695
292740
292842
292875
292929
293085
293250
293355
293370
293436
293601
293733
293865
293895
293930
294063
294294
294462
294630
294690
294705
295035
295113
295218
295260
295295
295365
295515
295545
295596
295785
295815
296310
296595
296625
296670
296730
296835
297000
297135
297255
297330
297375
297540
297570
297891
298053
298095
298155
298375
298410
298452
298620
298701
299013
299079
299460
299565
299625
299715
299754
299805
299915
299970
300135
300375
300390
300495
300645
300699
300846
301035
301070
301125
301185
301245
301587
301785
301860
302022
302250
302505
302610
302670
303195
303303
303485
303534
303555
303615
303765
303807
303810
303875
304095
304395
304500
304590
304668
304695
304980
305019
305250
305305
305505
305655
305745
305805
305877
305910
305970
306033
306153
306180
306375
306705
306774
306915
307020
307515
307530
307545
307615
307665
307671
307692
307923
307989
308070
308085
308154
308490
308637
308805
308826
308880
309111
309285
309309
309540
309690
309750
309771
309855
309960
310155
310233
310245
310310
310500
310527
310695
310845
310947
311190
311610
311619
311661
312015
312018
312039
312390
312455
312585
312741
312795
312930
313005
313038
313131
313170
313215
313335
313443
313467
313500
313599
313605
313635
313740
313845
313929
314145
314160
314265
314415
314545
314820
314853
314874
314985
315210
315549
315630
315735
316008
316251
316365
316407
316470
316602
316635
316680
316965
317115
317135
317250
317331
317460
317655
317730
317790
317955
317985
318045
318060
318318
318435
318465
318570
318630
318681
318801
318990
319005
319125
319515
319599
319605
319815
319865
319935
320250
320385
320397
320463
320565
320595
320705
320943
321030
321057
321090
321321
321555
321594
321678
321867
322014
322140
322455
322677
322770
322905
322920
323085
323323
323379
323565
323610
323730
323895
324093
324105
324415
324513
324555
324597
324615
324786
324945
325080
325185
325380
325500
325755
325815
325875
325890
325941
326040
326235
326370
326403
326565
326625
326865
326895
326970
327180
327250
327267
327294
327327
327375
327405
327635
327750
327845
327915
328020
328251
328335
328440
328482
328671
328755
328965
329130
329238
329406
329511
329595
329745
329805
329875
329940
330372
330429
330615
330645
330855
330939
330990
330993
331155
331170
331500
331890
331905
332046
332235
332310
332367
332605
332640
332787
332937
333060
333165
333207
333375
333465
333585
333645
334110
334152
334191
334341
334665
334815
334875
335070
335205
335265
335335
335445
335478
335580
335610
335685
336015
336285
336420
336490
336567
336609
336651
336690
336765
336798
337095
337125
337260
337554
337635
337722
337755
337875
338250
338283
338310
338415
338445
338520
338715
338793
338865
338877
338910
338985
339105
339255
339339
339405
339465
339549
339625
339660
339735
339822
339915
340065
340095
340170
340340
340431
340470
340578
340659
340860
340875
340935
340956
341445
341523
341715
341880
341955
342090
342125
342171
342210
342375
342495
342615
342657
342705
342771
342930
343140
343170
343413
343434
343629
343710
343785
343791
343805
343875
343995
344085
344190
344223
344505
344520
344715
344955
345030
345114
345135
345681
345735
345765
346005
346035
346086
346115
346125
346290
346545
346710
346731
346815
346885
346983
347139
347193
347355
347415
347529
347565
347625
347760
347820
348270
348285
348327
348348
348435
348810
348840
348894
349245
349305
349503
349635
349860
349866
350217
350385
350427
350455
350460
350493
350610
350805
350865
350889
351000
351120
351390
351405
351645
351750
351780
351918
352053
352107
352485
352495
352590
352625
352716
353073
353133
353457
353625
353685
354090
354105
354255
354315
354354
354445
354510
354585
354645
354705
354750
354795
354915
355047
355110
355212
355215
355320
355355
355395
355810
355875
355971
356070
356125
356235
356454
356535
356655
356685
356730
357000
357105
357315
357399
357420
357561
357588
357630
357750
357765
357885
358155
358215
358435
358479
358530
358545
358701
358722
358995
359205
359310
359370
359385
359499
359625
359667
359835
359898
359910
360180
360195
360255
360315
360570
360750
360801
360990
361095
361125
361284
361335
361515
361530
361935
362043
362235
362340
362505
362610
362670
362691
362934
363055
363069
363165
363363
363545
363630
363636
363660
363909
363987
364182
364203
364230
364287
364635
364665
364770
364875
364980
365079
365190
365295
365313
365365
365750
365769
365820
366093
366135
366366
366390
366639
366660
367080
367125
367185
367227
367455
367521
367605
367710
367770
367815
367875
368010
368115
368277
368280
368577
368745
368940
369138
369750
369873
369915
369930
369954
370062
370185
370230
370305
370359
370370
370440
370461
370500
370629
370845
370875
371007
371085
371280
371490
371535
371735
371790
372060
372099
372141
372255
372330
372372
372405
372465
372708
372735
372750
372855
373395
373464
373626
373842
374010
374085
374187
374205
374355
374490
374517
374595
374745
374946
375003
375060
375165
375570
375585
375765
375870
376035
376110
376125
376257
376299
376380
376530
376623
376635
376805
376845
377190
377223
377454
377487
377580
377625
377895
378000
378015
378081
378105
378420
378510
378651
378810
378840
378885
378945
379015
379134
379155
379335
379431
379470
379500
379533
379610
379620
379701
379755
379905
380190
380380
380562
380646
380730
380765
380919
380970
381045
381375
381381
381570
381615
381645
381780
381810
381969
381990
382185
382305
382375
382395
382470
382536
382590
382755
383019
383061
383097
383145
383250
383265
383295
383460
383565
383724
383838
383955
384090
384237
384285
384540
384846
385020
385035
385125
385203
385671
385710
385749
385770
385917
386155
386295
386505
386529
386715
386745
386750
386802
386835
386883
387030
387045
387205
387315
387660
387695
387750
387849
387933
388206
388245
388455
388500
388740
388875
388935
389070
389130
389151
389235
389298
389340
389865
389895
389961
390507
390555
390609
390621
390852
390885
391020
391125
391170
391365
391391
391419
391500
391935
391986
392370
392385
392553
392730
392955
392985
393015
393120
393162
393390
393393
393414
393471
393645
393965
394095
394335
394383
394605
394611
394625
394680
394740
395115
395241
395250
395395
395415
395715
395901
395955
396060
396198
396375
396435
396627
396630
396865
397005
397035
397089
397110
397155
397290
397320
397670
397683
397761
397845
397980
398034
398055
398145
398223
398250
398310
398385
398412
398580
398790
398871
398895
399000
399126
399135
399165
399245
399465
399630
399750
399789
399855
399945
399993
400113
400125
400155
400197
400491
400653
400680
400785
400890
401166
401247
401505
401709
401835
401895
402135
402270
402339
402375
402402
402435
402597
402705
402948
402990
403029
403095
403245
403260
403305
403326
403410
403788
403845
403920
404040
404055
404085
404430
404460
404481
404547
404595
404625
404670
404811
405015
405195
405270
405375
405594
405705
405783
405790
405945
406065
406245
406315
406410
406455
406755
406770
406809
406890
407160
407253
407295
407484
407715
407862
408030
408051
408408
408510
408595
408618
408639
408765
408915
408969
409035
409045
409185
409266
409479
409530
409563
409590
409605
409695
409773
409887
409955
410205
410319
410410
410685
410697
410805
410970
411015
411060
411125
411180
411345
411411
411510
411750
411810
411939
412020
412125
412155
412230
412566
412587
412641
412665
412815
412830
413049
413105
413127
413250
413385
413478
413490
413655
413721
413763
413875
413985
414018
414120
414141
414180
414585
414645
414687
414750
414855
414960
414990
415065
415140
415233
415245
415338
415380
415395
415415
415530
415695
415905
415989
416070
416130
416185
416262
416415
416556
416625
416670
416691
417165
417285
417339
417417
417582
417585
417795
417945
418095
418110
418209
418285
418470
418500
418605
418635
418665
418803
418905
418965
419055
419067
419250
419430
419445
419601
419727
419958
420090
420189
420255
420375
420546
420660
420693
420849
420875
420903
420945
421005
421135
421260
421470
421590
421659
421740
421890
422145
422280
422499
422565
422604
422685
422940
422955
422994
423255
423465
423522
423555
423605
423657
423735
423738
423765
423885
424235
424270
424281
424305
424410
424473
424515
424545
424875
425040
425061
425115
425334
425385
425685
425733
425790
425865
426006
426360
426405
426426
426573
426615
426735
426855
426930
426972
427035
427125
427140
427245
427707
427869
427875
428043
428127
428145
428220
428274
428355
428610
428625
428835
429000
429030
429065
429135
429195
429495
429570
429780
429870
430122
430125
430185
430215
430287
430430
430500
430521
430542
430731
430815
431055
431205
431319
431340
431375
431460
431585
431595
431865
432003
432250
432285
432345
432390
432432
432705
432729
432795
432810
432837
432999
433290
433455
433566
433620
433875
433895
434010
434214
434217
434265
434280
434343
434625
434805
434910
435045
435105
435183
435240
435267
435540
435591
435645
435666
435750
435765
436170
436254
436293
436305
436455
436563
436821
437019
437115
437190
437250
437265
437346
437437
437535
437697
437745
437955
438045
438102
438345
438375
438438
438480
438495
438515
438669
439005
439047
439185
439215
439560
439635
439803
439845
439890
440115
440181
440220
440370
440385
440505
440748
440910
440979
441180
441210
441285
441315
441375
441558
441595
441750
441870
442125
442221
442365
442395
442470
442530
442680
442750
442935
443190
443289
443415
443445
443555
443610
443745
443751
443961
444125
444210
444405
444444
444555
444570
444717
444873
444885
444906
444990
445137
445170
445179
445230
445284
445445
445665
445740
445770
445797
445809
445830
445875
445935
446040
446082
446121
446215
446607
446745
446823
447051
447330
447447
447720
447741
447795
447810
447876
448035
448140
448335
448470
448500
448539
448630
448833
449295
449361
449442
449565
449625
449673
449735
449790
449995
450177
450495
450549
450660
450870
451035
451095
451440
451500
451710
451815
452010
452067
452088
452115
452166
452235
452250
452375
452445
452595
452625
452655
452760
452865
452985
452991
453180
453222
453255
453330
453390
453435
453453
453492
453530
453705
453747
453951
454020
454125
454155
454461
454740
454755
454818
454923
455070
455235
455430
455490
455532
455598
455895
455910
456015
456057
456165
456246
456330
456365
456456
456489
456570
456705
456855
456918
457083
457125
457191
457215
457545
457653
457677
457710
457765
457905
458185
458250
458337
458367
458430
458490
458535
458595
458745
459000
459030
459135
459195
459405
459420
459540
459690
459795
459810
459885
460005
460020
460215
460317
460460
460635
460782
460785
461125
461160
461187
461265
461370
461565
461643
461835
461890
461895
461916
461955
461970
462000
462210
462213
462375
462645
462726
462840
462861
462990
463155
463185
463335
463386
463505
463590
463617
463710
463749
463980
463995
464079
464145
464265
464508
464646
464695
464805
464835
465045
465129
465234
465375
465405
465630
466089
466095
466125
466290
466375
466395
466620
466851
467103
467115
467181
467250
467565
467610
467625
467670
467883
468234
468255
468369
468435
468510
468531
468720
468741
468855
469098
469125
469245
469260
469287
469315
469365
469455
469530
469560
469623
469854
469875
469965
470205
470235
470340
470421
470470
470535
470580
470730
470745
470799
470820
471042
471366
471393
471471
471555
471625
471705
471750
471835
471933
471960
472095
472290
472395
472527
472689
472719
472758
472770
472857
472875
472905
473055
473340
473385
473499
473655
473823
473970
474145
474201
474390
474411
474474
474579
474606
474747
475125
475167
475230
475335
475365
475410
475524
475605
475629
475755
475860
475881
476010
476091
476238
476307
476385
476625
476658
476805
476905
477204
477360
477375
477411
477555
477630
477785
478023
478065
478335
478380
478401
478413
478500
478515
478590
478695
478737
478764
479094
479250
479385
479493
479570
479787
479895
480060
480095
480165
480315
480438
480480
480585
480795
480810
480870
480909
480930
481005
481110
481140
481194
481299
481572
481593
481740
481815
481845
481965
482125
482205
482220
482295
482328
482460
482885
482937
483000
483105
483285
483327
483405
483630
483735
483759
483945
483990
484029
484110
484245
484330
484407
484449
484500
484515
484770
484995
485001
485070
485163
485265
485298
485355
485460
485485
485730
485745
485865
485940
486115
486135
486255
486297
486330
486381
486465
486540
486591
486717
486750
486780
486795
486837
486915
486948
487080
487410
487485
487578
487635
487695
487809
487830
487890
487971
488215
488376
488631
488670
488865
488943
489027
489090
489125
489294
489335
489345
489405
489489
489720
489753
489915
490035
490105
490314
490347
490490
490590
490620
490644
490833
490854
491130
491205
491211
491385
491505
491535
491855
491946
491967
492063
492135
492195
492345
492375
492453
492492
492507
492615
492750
492855
493020
493155
493395
493493
493500
493506
493830
493845
493935
494130
494235
494247
494340
494445
494715
494760
494949
495045
495159
495180
495261
495285
495330
495465
495615
495690
495726
495747
495957
495990
496041
496155
496179
496230
496314
496335
496470
496503
496587
496665
496881
497070
497145
497205
497211
497420
497490
497553
497610
497640
497805
498355
498420
498435
498498
498663
498729
498945
499035
499065
499125
499149
499290
499317
499380
499422
499485
499500
499785
499875
500055
500115
500250
500310
500445
500500
500526
500565
500610
500745
500871
500955
500973
501039
501255
501375
501410
501501
501585
501735
501942
501963
502095
502125
502227
502320
502455
502645
502665
502875
503010
503118
503139
503250
503295
503580
503625
503745
503874
503880
504165
504252
504273
504339
504390
504441
504495
505155
505305
505362
505470
505494
505505
505791
505818
505869
505875
505995
506115
506142
506220
506345
506520
506625
506715
506730
506805
506940
507045
507129
507210
507276
507297
507357
507507
507585
507654
507705
507990
508005
508167
508305
508326
508410
508431
508515
508530
508875
508935
509082
509124
509145
509220
509250
509565
509625
509795
509922
509949
510055
510081
510125
510195
510435
510489
510570
510840
511005
511035
511125
511245
511407
511485
511500
511665
511785
511980
511995
512190
512265
512430
512460
512655
512715
512785
512865
512946
513000
513162
513205
513240
513555
513570
513590
513810
513945
514080
514140
514185
514215
514290
514437
514485
514500
514539
514878
514995
515130
515185
515214
515295
515355
515361
515375
515430
515515
515592
515865
515955
516120
516243
516477
516483
516516
516615
516645
516750
516810
516915
516945
517055
517125
517335
517374
517803
517845
517860
517902
517935
518130
518245
518259
518265
518375
518415
518427
518535
518595
518670
519090
519156
519183
519365
519480
519519
519585
519645
519870
519915
520030
520047
520125
520149
520260
520290
520410
520455
520506
520590
520674
520884
520965
521157
521220
521265
521367
521430
521451
521565
521625
521829
521885
521985
522060
522315
522375
522445
522665
522690
522750
522753
522795
522951
522990
523005
523110
523250
523365
523380
523530
523545
523611
523719
523740
523770
523875
523887
524097
524205
524286
524370
524433
524610
524685
524755
524875
525030
525045
525096
525210
525393
525420
525555
525798
526071
526110
526125
526218
526365
526449
526470
526473
526635
526695
526785
526845
526851
526890
526932
527250
527340
527345
527505
527527
527835
528045
528066
528105
528333
528360
528390
528660
528957
528990
529023
529125
529221
529230
529470
529620
529635
529875
529914
529935
530010
530250
530265
530334
530439
530442
530530
530565
530985
531063
531069
531090
531335
531375
531468
531495
531570
531615
531630
531657
531867
531930
531960
531981
531993
532035
532245
532266
532389
532440
532455
532467
532770
533115
533250
533358
533445
533520
533577
533655
533820
533995
534006
534060
534261
534303
534435
534465
534534
534625
534660
534735
534750
534765
534870
534905
534963
535059
535080
535194
535353
535458
535535
535626
535665
535755
535857
535920
535990
536355
536571
536613
536655
536679
536690
536760
536895
537138
537165
537510
537537
537570
537625
537705
537810
537915
537999
538005
538230
538356
538395
538545
538785
538890
538935
539028
539070
539220
539385
539487
539595
539649
539682
539805
539835
539994
540015
540155
540189
540243
540330
540345
540375
540645
540702
540705
540735
540750
540891
540930
540995
541215
541310
541365
541443
541569
541620
541671
541863
541905
542010
542190
542241
542283
542355
542640
543213
543235
543270
543345
543543
543585
543660
543780
543837
544065
544170
544185
544215
544236
544455
544509
544698
544830
544995
545055
545160
545259
545265
545370
545545
545670
545751
545790
545805
545853
546000
546117
546375
546399
546480
546630
546735
546750
546777
546858
547085
547170
547230
547239
547305
547365
547371
547485
547638
547911
547995
548205
548235
548250
548262
548340
548457
548505
548535
548709
548895
548910
548964
549010
549185
549195
549315
549318
549822
550125
550137
550179
550290
550341
550375
550449
550515
550605
550715
550746
550830
550875
551070
551145
551265
551310
551355
551460
551551
551670
551733
551745
551880
552045
552069
552090
552447
552552
552585
552615
552636
552690
552750
552885
553035
553095
553245
553311
553500
553527
553581
553605
553755
553770
553875
553905
553945
554001
554070
554115
554125
554268
554553
554580
554610
554645
554715
554829
555009
555135
555282
555765
555795
555849
555930
556017
556140
556206
556335
556500
556665
556710
556985
557172
557375
557403
557535
557634
557655
557739
558030
558195
558250
558279
558285
558360
558441
558705
558789
558831
558885
559020
559035
559065
559130
559170
559251
559440
559455
559521
559797
559860
559980
560142
560235
560250
560280
560385
560490
560505
560595
560790
560805
560898
560945
561000
561085
561165
561255
561495
561627
561660
561750
561795
561990
562005
562020
562065
562107
562380
562485
562653
562695
562815
562870
562875
562989
563085
563115
563178
563220
563409
563625
563640
563673
563706
563730
563787
563955
564060
564135
564213
564435
564543
564564
564585
564630
564655
564705
564921
564927
565125
565245
565250
565383
565455
565488
565500
565515
565565
565677
565719
565845
565915
566055
566115
566202
566433
566580
566610
566835
566973
566979
567021
567105
567210
567270
567375
567378
567385
567435
567645
567875
567945
567987
568230
568323
568491
568620
568755
568875
568905
568974
569160
569457
569595
569646
569940
569943
569985
570024
570045
570105
570180
570537
570780
571155
571285
571428
571590
571710
571857
571914
571935
571995
572033
572130
572250
572286
572319
572373
572390
572460
572481
572649
572880
573045
573183
573195
573210
573342
573345
573375
573405
573426
573495
573534
573573
573615
573870
574182
574287
574560
574665
574860
574959
575127
575211
575250
575289
575421
575484
575535
575640
575883
575985
576030
576045
576114
576147
576180
576345
576375
576693
576840
576870
577005
577017
577065
577071
577185
577665
577731
577830
577875
577885
577941
577962
577995
578305
578721
578760
578799
578865
578985
579117
579215
579285
579390
579420
579462
579555
579579
579690
579810
579852
579855
580230
580419
580500
580580
580905
580965
580986
581145
581196
581229
581295
581343
581385
581445
581553
581595
581685
581715
581742
581790
581910
582015
582153
582255
582330
582417
582465
582498
582505
582540
582582
582645
582660
582930
582981
583011
583065
583335
583338
583389
583395
583440
583625
583635
583740
583770
583875
583905
584045
584155
584199
584205
584220
584250
584307
584535
584685
584727
584815
584955
584970
585090
585123
585333
585375
585390
585480
585684
585750
585858
585915
586047
586131
586170
586305
586365
586467
586500
586551
586635
586710
586740
586815
586872
587125
587202
587223
587385
587466
587535
587685
587730
587790
587860
587895
588126
588315
588357
588411
588455
588588
588885
588924
588945
589155
589260
589329
589380
589407
589410
589545
589589
589785
589815
590070
590226
590295
590436
590520
590590
590730
590835
591003
591030
591045
591090
591165
591192
591261
591375
591435
591465
591570
591591
591630
591745
591759
591855
591945
592059
592137
592185
592245
592365
592620
592977
593055
593190
593229
593250
593271
593285
593340
593385
593460
593541
593670
593835
593865
594000
594165
594270
594363
594510
594660
594750
595023
595080
595140
595161
595335
595455
595485
595539
595782
595815
595875
595959
596037
596106
596190
596211
596295
596310
596625
596750
596820
596904
597240
597402
597429
597597
597645
597835
597915
598026
598158
598395
598785
598845
598920
599130
599165
599235
599250
599265
599403
599430
599508
599610
599697
599830
599865
599907
599940
599955
600015
600237
600270
600369
600561
600750
600780
600873
600875
600915
600990
601125
601155
601290
601293
601398
601545
601692
601755
601887
601953
602070
602085
602140
602250
602301
602370
602490
602667
602745
602875
603174
603315
603345
603477
603570
603585
603687
603720
603801
603915
604044
604065
604095
604125
604233
604500
604695
605010
605055
605085
605220
605283
605319
605340
605535
605605
605745
605913
605955
606081
606165
606177
606390
606441
606515
606585
606606
606837
606970
607035
607068
607110
607145
607230
607365
607530
607614
607620
607635
607695
607750
607959
607971
608190
608235
608465
608790
608855
608985
609000
609063
609147
609180
609336
609390
609765
609875
609945
609957
609960
610038
610071
610305
610389
610500
610545
610610
610827
610875
610929
611010
611037
611065
611310
611415
611490
611523
611610
611625
611685
611754
611820
611847
611940
612066
612105
612171
612306
612360
612375
612465
612495
612535
612645
612750
612885
613035
613263
613410
613548
613683
613785
613795
613830
613893
614040
614055
614445
614601
614625
614655
614859
615030
615060
615087
615090
615125
615230
615315
615330
615342
615384
615465
615846
615978
616125
616140
616161
616170
616308
616395
616539
616605
616707
616845
616869
616980
617085
617274
617355
617435
617595
617610
617652
617760
617799
617895
618165
618222
618375
618555
618570
618585
618618
618735
618765
618813
618915
619080
619125
619191
619305
619353
619380
619395
619500
619515
619542
619710
619920
620103
620109
620165
620310
620445
620466
620487
620490
620620
620655
620823
620895
620919
621000
621054
621135
621243
621285
621390
621690
621705
621894
621945
622155
622167
622215
622377
622380
622635
622755
622863
622875
622965
623220
623238
623322
623415
623565
623645
623805
623865
623875
623931
624030
624036
624078
624435
624495
624645
624780
624855
624910
625053
625170
625185
625209
625347
625443
625455
625482
625515
625590
625617
625695
625860
626010
626076
626115
626145
626262
626340
626430
626670
626745
626835
626886
626913
626934
627000
627095
627198
627210
627270
627285
627375
627480
627555
627585
627669
627690
627858
628215
628290
628320
628485
628530
628705
628719
628749
628815
628830
628845
628881
629090
629235
629265
629343
629391
629625
629629
629640
629706
629748
629970
630045
630105
630420
630435
630591
630693
631005
631085
631098
631260
631449
631455
631470
631533
631605
631785
631935
631995
632016
632145
632415
632502
632555
632625
632730
632745
632814
632940
632961
633165
633204
633255
633270
633360
633633
633765
633795
633930
634125
634179
634230
634270
634365
634500
634557
634662
634695
634809
634865
634920
635145
635205
635310
635375
635460
635580
635635
635715
635817
635835
635910
635970
635985
636090
636120
636195
636633
636636
636735
636795
636870
636930
637140
637260
637329
637362
637455
637602
637659
637755
637767
637980
638010
638085
638145
638250
638253
638365
638385
638435
638469
638495
638625
638631
639015
639030
639198
639210
639285
639387
639625
639630
639711
639730
639765
639795
639870
640035
640101
640500
640563
640770
640794
640815
640845
640926
640965
641130
641190
641223
641235
641410
641445
641625
641886
641979
642005
642033
642060
642114
642135
642180
642195
642345
642495
642642
642785
642789
642873
643005
643110
643167
643188
643195
643245
643335
643356
643467
643665
643734
643815
643839
643875
643929
643977
644028
644085
644215
644280
644625
644787
644875
644895
644910
644955
645099
645165
645354
645381
645435
645540
645810
645840
646170
646191
646323
646415
646485
646555
646569
646646
646737
646758
646815
646893
646905
646935
647130
647220
647241
647460
647625
647703
647745
647790
648186
648210
648351
648459
648669
648795
648830
649026
649077
649110
649194
649230
649485
649515
649572
649605
649635
649803
649890
649971
650055
650160
650199
650265
650370
650403
650565
650715
650727
650760
650793
650845
651000
651035
651375
651510
651567
651630
651750
651780
651882
651915
652023
652080
652125
652245
652395
652470
652509
652740
652806
652935
652953
652995
653055
653130
653235
653250
653415
653535
653565
653697
653730
653790
653805
653835
653913
653940
653961
654345
654360
654465
654500
654534
654588
654615
654654
654750
654810
655095
655155
655270
655500
655545
655557
655655
655690
655707
655809
655830
655965
656040
656115
656205
656397
656502
656535
656625
656670
656880
656964
657045
657111
657195
657305
657342
657510
657531
657685
657855
657930
657951
658155
658260
658287
658329
658476
658515
658735
658749
658812
658875
658905
659022
659043
659190
659205
659373
659490
659505
659610
659685
659715
659750
659880
659895
660285
660345
660387
660744
660858
660933
661045
661089
661095
661125
661230
661290
661375
661419
661485
661710
661878
661980
661986
662055
662067
662277
662310
662340
662415
662445
662607
662739
662745
662865
662935
663000
663195
663255
663375
663495
663585
663741
663765
663780
663810
664092
664470
664620
664734
664755
664815
664875
665115
665145
665210
665280
665445
665511
665574
665805
665847
665874
666120
666159
666330
666333
666414
666435
666655
666750
666765
666930
666995
667029
667035
667095
667170
667290
667641
667667
667821
667875
667953
668220
668265
668304
668382
668577
668682
668763
668865
668955
669045
669330
669515
669630
669669
669750
669885
669921
670005
670059
670065
670140
670215
670329
670335
670395
670410
670530
670565
670605
670670
670890
670956
671125
671139
671160
671220
671370
671385
671625
671853
672030
672105
672111
672165
672315
672375
672435
672441
672570
672735
672771
672840
672980
673134
673218
673302
673380
673455
673530
673569
673596
673995
674135
674190
674245
674250
674271
674355
674520
674541
674595
674625
674751
675087
675108
675165
675213
675255
675270
675444
675510
675750
675885
676005
676039
676053
676095
676377
676500
676515
676533
676545
676566
676599
676620
676767
676830
676863
676890
677040
677235
677295
677430
677586
677625
677730
677754
677787
677820
677875
677943
677970
677985
678210
678321
678510
678615
678645
678678
678755
678810
678915
678930
679035
679098
679250
679305
679320
679371
679455
679470
679497
679644
679830
679965
680043
680130
680190
680211
680340
680427
680589
680680
680862
680940
681065
681135
681156
681318
681375
681513
681625
681681
681720
681750
681765
681870
681912
681993
682125
682155
682185
682341
682395
682465
682479
682539
682689
682695
682773
682803
682890
682955
683046
683085
683265
683375
683430
683445
683505
683655
683760
683829
683859
683910
684180
684250
684315
684342
684411
684420
684585
684750
684915
684990
685083
685230
685314
685335
685410
685542
685685
685860
685875
685881
685965
685995
686280
686340
686343
686595
686805
686826
686868
686895
686907
687015
687258
687420
687555
687570
687582
687610
687687
687750
687939
687990
688149
688170
688215
688311
688380
688415
688446
688485
688755
688875
688959
689010
689040
689073
689415
689430
689605
689661
689865
689910
689931
689985
689997
690060
690195
690228
690235
690270
690375
690417
690459
690855
690897
691119
691125
691145
691185
691215
691362
691383
691470
691509
691530
691605
691713
691845
692010
692070
692085
692172
692230
692250
692265
692415
692445
692580
692601
692685
693063
693090
693420
693462
693495
693630
693651
693770
693861
693875
693966
694035
694155
694278
694305
694365
694386
694617
694710
694785
694830
694875
695058
695115
695130
695250
695331
695415
695520
695640
695695
695955
696003
696087
696141
696255
696303
696540
696570
696654
696696
696735
696795
696870
697015
697245
697305
697620
697653
697680
697697
697788
697965
698005
698145
698355
698490
698523
698610
698649
698763
698841
698895
699006
699105
699125
699219
699270
699335
699465
699545
699567
699699
699705
699720
699732
699855
700035
700077
700315
700434
700485
700557
700623
700755
700770
700785
700791
700854
700910
700920
700986
701085
701155
701220
701385
701610
701715
701730
701757
701778
701805
701811
702000
702135
702240
702429
702625
702780
702810
702933
702945
703185
703290
703437
703500
703545
703560
703593
703703
703731
703755
703836
704055
704106
704145
704165
704214
704235
704565
704613
704835
704847
704865
704970
704990
705180
705243
705250
705405
705432
705483
705831
706125
706146
706266
706293
706401
706515
706755
706914
707115
707135
707250
707319
707370
707421
707427
707455
707595
707655
708015
708180
708210
708510
708561
708615
708630
708645
708708
708855
708885
708890
708981
709020
709125
709170
709290
709371
709401
709410
709485
709500
709527
709555
709590
709695
709830
709935
709995
710094
710125
710220
710355
710424
710430
710505
710535
710619
710640
710655
710710
710787
710790
710985
711045
711165
711207
711315
711375
711399
711555
711620
711645
711750
711942
712125
712140
712250
712287
712470
712635
712785
712908
712965
713031
713070
713310
713370
713405
713460
713545
713583
713625
713713
713745
713895
714000
714153
714210
714495
714555
714609
714615
714630
714705
714798
714840
714875
714879
714945
715065
715122
715155
715176
715260
715365
715407
715500
715530
715770
715785
715875
716079
716205
716310
716430
716499
716565
716595
716661
716703
716793
716870
716958
716985
717060
717090
717145
717171
717213
717315
717402
717444
717535
717717
717795
717915
717990
718011
718185
718335
718410
718443
718497
718620
718740
718770
718865
718935
718998
719145
719169
719250
719334
719523
719625
719670
719739
719796
719820
719901
720005
720195
720279
720291
720360
720375
720390
720510
720630
720765
720885
720993
721140
721259
721413
721497
721500
721602
721905
721980
722190
722250
722337
722535
722568
722625
722655
722670
722709
722865
723030
723045
723060
723135
723195
723261
723303
723387
723465
723695
723723
723765
723843
723855
723870
723905
724005
724035
724086
724470
724605
724625
724680
724845
724983
725010
725085
725109
725220
725305
725340
725382
725439
725571
725781
725835
725865
725868
725895
725949
726110
726138
726330
726375
726705
726726
726921
727090
727125
727260
727272
727320
727353
727419
727515
727755
727818
727881
727974
728035
728364
728365
728406
728460
728574
728625
728637
728715
728805
728875
729015
729027
729135
729270
729330
729351
729540
729750
729771
729885
729960
730065
730158
730191
730269
730365
730380
730455
730485
730590
730626
730730
730779
730785
730917
731055
731085
731241
731500
731538
731595
731619
731640
731731
732165
732186
732270
732435
732645
732711
732732
732780
732849
732875
732915
732963
733278
733305
733320
733677
733785
733845
733875
733887
734019
734160
734250
734370
734454
734655
734745
734910
734965
735042
735063
735210
735315
735345
735375
735420
735540
735585
735630
735750
735777
735945
736020
736125
736230
736263
736554
736560
736593
736965
737035
737154
737235
737289
737295
737373
737385
737451
737490
737583
737625
737715
737880
738255
738276
738369
738375
738465
738507
738705
738815
738855
738885
739233
739245
739347
739500
739585
739746
739815
739827
739830
739860
739908
740124
740355
740370
740460
740610
740715
740718
740740
740805
740880
740922
741000
741015
741258
741405
741455
741489
741690
741750
741895
741965
742014
742035
742095
742170
742305
742371
742560
742665
742797
742875
742980
743015
743067
743070
743145
743223
743470
743505
743580
743715
744093
744120
744135
744198
744255
744282
744315
744510
744579
744625
744660
744744
744765
744810
744855
744930
745085
745173
745185
745365
745395
745416
745470
745500
745503
745710
745745
745767
746031
746265
746361
746625
746655
746790
746823
746895
746928
746955
747117
747252
747285
747441
747555
747565
747615
747684
747765
747813
747915
748020
748055
748170
748209
748251
748305
748374
748410
748605
748629
748695
748710
748980
748995
749034
749115
749190
749265
749455
749490
749547
749685
749805
749892
749931
750006
750057
750120
750141
750295
750330
750735
750897
751065
751140
751170
751179
751245
751485
751530
751545
751653
751740
752031
752070
752199
752220
752235
752250
752301
752505
752514
752598
752625
752745
752760
752955
753060
753135
753165
753207
753246
753270
753445
753489
753597
753610
753690
753753
754005
754137
754215
754245
754299
754380
754446
754455
754509
754545
754908
754974
754985
755160
755205
755250
755535
755595
755755
755769
755790
755865
755895
756000
756030
756105
756162
756210
756245
756327
756405
756465
756483
756789
756840
756987
757020
757029
757185
757215
757302
757435
757485
757620
757625
757680
757701
757770
757809
757875
757890
757911
757965
758030
758268
758295
758310
758373
758415
758670
758862
758901
758940
759000
759066
759135
759165
759220
759240
759297
759345
759402
759510
759645
759810
759915
760155
760305
760375
760380
760455
760461
760617
760665
760683
760695
760760
761124
761145
761277
761292
761460
761530
761685
761691
761838
761859
761940
762090
762125
762135
762237
762375
762399
762405
762723
762750
762755
762762
762993
763140
763215
763230
763290
763455
763560
763620
763895
763938
763945
763980
764085
764127
764181
764295
764313
764370
764445
764505
764610
764643
764750
764790
764940
765072
765180
765345
765375
765510
765555
765585
766038
766122
766125
766194
766227
766233
766290
766395
766479
766500
766530
766557
766590
766605
766785
766815
766905
766920
767130
767195
767448
767529
767625
767676
767715
767865
767907
767910
767949
768180
768315
768339
768417
768453
768474
768495
768570
768625
768663
768873
769041
769065
769080
769125
769335
769365
769405
769692
769785
770040
770055
770070
770250
770406
770445
770595
770661
770835
770847
771001
771255
771342
771420
771498
771540
771771
771834
771903
772005
772125
772310
772365
772395
772443
772551
772590
772605
772863
772875
772905
772915
773010
773058
773091
773115
773355
773415
773430
773465
773490
773500
773535
773604
773619
773670
773685
773766
774039
774060
774090
774165
774333
774387
774410
774630
774735
774795
775047
775257
775320
775335
775390
775467
775500
775515
775635
775698
775761
775845
775866
775905
776055
776169
776385
776412
776490
776625
776655
776685
776815
776895
776910
776985
777000
777315
777465
777480
777735
777750
777870
777945
778085
778107
778113
778140
778221
778260
778302
778305
778470
778505
778515
778545
778596
778665
778680
778869
778875
779031
779085
779205
779331
779355
779415
779493
779730
779779
779790
779895
779922
779955
780219
780351
780549
780735
781014
781095
781110
781218
781235
781242
781375
781473
781515
781677
781704
781755
781770
781869
781935
782040
782250
782340
782439
782565
782649
782691
782705
782730
782782
782838
782895
783000
783081
783105
783237
783255
783405
783615
783870
783972
784215
784329
784377
784455
784641
784707
784740
784770
784905
785106
785349
785460
785631
785757
785785
785910
785970
786030
786045
786093
786240
786255
786315
786324
786375
786435
786513
786625
786765
786780
786786
786807
786828
786885
786942
787083
787215
787290
787455
787605
787865
787875
787930
787941
787995
788095
788190
788205
788307
788319
788375
788481
788670
788766
788865
789210
789222
789243
789250
789291
789360
789480
789495
789735
789789
790209
790230
790305
790395
790482
790500
790533
790587
790647
790685
790755
790790
790830
791245
791265
791343
791430
791637
791721
791802
791895
791910
791945
792015
792120
792207
792285
792396
792561
792693
792715
792750
792855
792870
793135
793254
793260
793569
793730
793815
793875
794010
794070
794178
794220
794310
794313
794409
794580
794625
794640
794703
794937
794955
795093
795135
795285
795340
795366
795522
795555
795615
795685
795690
795960
796068
796110
796125
796257
796290
796365
796446
796467
796500
796620
796705
796770
796824
796917
796965
797160
797335
797385
797433
797580
797685
797715
797742
797790
797979
797985
798000
798105
798147
798201
798252
798255
798270
798330
798405
798490
798765
798795
798875
798915
798930
799095
799260
799335
799365
799500
799578
799617
799645
799710
799755
799799
799890
799929
799986
799995
800085
800226
800250
800310
800394
800445
800745
800793
800835
800955
800982
801021
801125
801255
801306
801360
801465
801515
801570
801591
801705
801735
801780
802035
802165
802197
802263
802332
802494
802655
802683
802815
802845
802893
802995
803010
803055
803385
803418
803505
803649
803670
803790
804141
804270
804405
804465
804540
804615
804678
804750
804804
804870
804895
805005
805125
805194
805410
805695
805749
805815
805875
805896
805980
806055
806058
806085
806190
806379
806403
806463
806490
806520
806610
806625
806652
806820
806895
807015
807415
807495
807576
807625
807690
807705
807765
807807
807840
807891
808005
808080
808110
808170
808185
808197
808515
808635
808731
808860
808920
808962
809055
809094
809115
809190
809193
809217
809250
809340
809445
809622
809625
809655
809865
809875
810030
810135
810390
810540
810579
810635
810645
810750
810985
811188
811195
811239
811377
811410
811545
811566
811580
811755
811785
811797
811890
811971
812130
812295
812490
812565
812595
812625
812630
812820
812910
812955
813105
813267
813345
813375
813435
813510
813540
813603
813618
813780
813813
813855
814023
814125
814185
814215
814320
814359
814385
814401
814407
814506
814590
814625
814671
814875
814968
815045
815157
815235
815295
815373
815430
815451
815535
815685
815724
815745
815815
815859
815955
815997
816060
816102
816183
816375
816465
816615
816669
816753
816816
816855
817005
817020
817089
817095
817190
817215
817236
817278
817377
817479
817530
817635
817817
817830
817887
817938
817965
818070
818090
818370
818532
818559
818565
818625
818895
818958
818961
819060
819105
819126
819180
819210
819390
819423
819546
819585
819735
819774
819795
819910
820105
820155
820281
820365
820395
820410
820638
820820
820827
820875
820911
821085
821370
821394
821535
821541
821610
821625
821865
821940
822030
822120
822171
822250
822255
822339
822360
822549
822585
822690
822822
822885
822987
823020
823251
823485
823500
823581
823620
823745
823875
823878
823905
824040
824109
824145
824229
824250
824310
824415
824439
824445
824460
824499
824505
824619
824715
824915
825125
825132
825174
825195
825265
825282
825330
825363
825375
825630
825660
825741
825945
826065
826098
826210
826215
826254
826287
826413
826455
826500
826551
826595
826683
826735
826761
826770
826956
826980
827145
827310
827442
827526
827631
827645
827750
827793
827805
827970
828009
828036
828165
828240
828282
828360
828555
828597
828685
828723
828765
829059
829143
829170
829185
829255
829290
829311
829374
829413
829500
829635
829710
829785
829920
829980
830130
830277
830280
830375
830415
830445
830466
830490
830676
830739
830760
830790
830830
830865
831060
831195
831215
831369
831390
831411
831519
831735
831810
831831
831978
832065
832125
832140
832195
832260
832370
832485
832524
832545
832815
832830
833055
833112
833250
833340
833382
833469
833547
833595
833679
833745
833833
834003
834141
834165
834330
834405
834435
834555
834570
834678
834765
834785
834834
834955
835125
835164
835170
835245
835395
835461
835485
835590
835635
835785
835791
835835
835890
835905
836055
836190
836220
836385
836418
836535
836570
836605
836625
836703
836745
836940
837000
837081
837210
837270
837330
837606
837729
837795
837810
837930
838005
838110
838134
838185
838215
838245
838299
838383
838500
838565
838635
838860
838890
838971
839055
839202
839454
839511
839553
839685
839715
839865
839895
839916
839937
840021
840125
840180
840255
840315
840378
840455
840510
840565
840645
840693
840750
840807
841035
841092
841269
841320
841386
841455
841617
841698
841750
841806
841890
842010
842061
842205
842265
842270
842415
842520
842595
842673
842835
842859
842919
842940
843115
843180
843183
843315
843318
843375
843465
843480
843780
843843
843999
844290
844545
844560
844641
844683
844857
844905
844935
844965
844998
845019
845130
845208
845215
845295
845355
845370
845481
845495
845733
845835
845845
845880
845910
845937
845988
846285
846375
846423
846510
846615
846885
846930
846963
847044
847077
847110
847119
847125
847210
847314
847385
847470
847476
847530
847770
847935
848085
848205
848265
848445
848470
848540
848562
848595
848610
848625
848715
848820
848946
849015
849030
849069
849090
849585
849750
849849
849927
850080
850122
850135
850230
850311
850668
850770
850773
850839
850935
851037
851295
851370
851466
851499
851529
851565
851580
851730
851851
851955
852012
852093
852255
852397
852495
852579
852720
852810
852852
853005
853035
853065
853146
853230
853470
853545
853671
853710
853755
853860
853905
853944
854070
854205
854250
854280
854385
854427
854490
854601
854625
854685
854763
855015
855117
855195
855255
855414
855465
855645
855657
855738
855750
856035
856065
856086
856254
856290
856359
856375
856440
856515
856548
856625
856635
856695
856710
856845
856947
856995
857115
857220
857250
857395
857493
857670
857703
857805
858000
858060
858130
858165
858249
858270
858390
858495
858705
858935
858990
859125
859140
859155
859215
859299
859395
859560
859599
859677
859740
859845
860085
860145
860223
860244
860250
860370
860405
860430
860517
860574
860795
860860
860895
861000
861003
861042
861084
861105
861135
861315
861327
861441
861462
861465
861630
861645
861651
861705
861735
862110
862257
862365
862410
862638
862680
862750
862845
862920
862953
863005
863170
863190
863247
863265
863583
863655
863730
863765
863811
863835
863865
864006
864135
864297
864405
864500
864501
864567
864570
864633
864690
864780
864864
864875
864945
865053
865375
865410
865431
865458
865590
865605
865620
865674
865865
865998
866019
866085
866145
866229
866235
866355
866415
866481
866580
866910
866915
866985
867009
867027
867132
867240
867255
867321
867375
867405
867537
867750
867765
867790
867969
868020
868131
868185
868335
868395
868428
868434
868455
868530
868560
868595
868686
868875
868945
868995
869055
869250
869253
869265
869295
869589
869610
869805
869820
869913
870090
870105
870129
870210
870366
870375
870480
870534
870573
870723
871017
871080
871101
871125
871131
871182
871255
871290
871332
871395
871455
871500
871530
871585
871689
871695
871845
872157
872340
872355
872505
872508
872586
872610
872625
872781
872910
872991
873045
873103
873126
873145
873345
873375
873411
873477
873639
873642
873705
873885
874038
874055
874230
874293
874335
874341
874380
874500
874530
874692
874874
874905
874965
875070
875235
875259
875265
875394
875490
875595
875637
875679
875721
875745
875805
875910
876090
876204
876231
876315
876435
876447
876555
876603
876690
876750
876785
876876
876945
876960
876990
877030
877095
877305
877338
877365
877415
877485
877569
877625
877695
877743
877851
877905
877965
878010
878094
878163
878199
878370
878430
878577
878715
878955
878985
879120
879135
879270
879606
879681
879690
879780
879879
879957
880215
880230
880341
880362
880440
880555
880605
880740
880770
880821
880929
880935
881010
881049
881125
881145
881361
881496
881705
881820
881895
881955
881958
882035
882063
882105
882360
882375
882420
882453
882570
882609
882630
882750
882765
883035
883116
883155
883190
883245
883311
883365
883407
883500
883545
883740
883779
883785
884037
884065
884169
884235
884247
884250
884355
884442
884493
884625
884697
884709
884730
884790
884895
884940
885003
885060
885115
885195
885360
885465
885495
885500
885615
885843
885870
885951
886125
886215
886305
886380
886431
886445
886578
886655
886830
886890
887110
887139
887205
887220
887271
887313
887315
887490
887502
887565
887625
887685
887835
887922
888111
888195
888250
888375
888420
888459
888573
888705
888810
888888
888921
889005
889083
889110
889140
889185
889245
889287
889295
889434
889455
889515
889665
889746
889770
889812
889980
890001
890055
890085
890109
890169
890274
890295
890340
890358
890435
890445
890460
890487
890568
890715
890890
891033
891195
891330
891345
891429
891480
891513
891540
891594
891605
891618
891660
891735
891750
891837
891870
892080
892107
892164
892185
892242
892255
892335
892430
892485
892515
892551
892755
892815
892857
892905
893079
893095
893214
893235
893265
893295
893403
893445
893490
893646
893739
893893
894102
894105
894201
894355
894387
894615
894621
894660
894861
894894
894915
894999
895185
895375
895440
895482
895590
895620
895713
895752
895755
895785
895895
896049
896055
896070
896259
896280
896535
896665
896670
896940
897000
897078
897183
897195
897260
897351
897465
897615
897645
897666
897855
898035
898101
898263
898317
898365
898485
898590
898625
898722
898755
898884
898989
899073
899130
899250
899283
899346
899470
899535
899580
899613
899691
899899
899990
900045
900099
900207
900354
900543
900585
900705
900735
900795
900885
900990
901017
901065
901098
901131
901320
901341
901395
901635
901719
901740
901901
902070
902190
902205
902265
902405
902451
902615
902625
902785
902853
902880
902937
903000
903045
903123
903231
903279
903420
903435
903495
903630
903669
903771
903805
904020
904095
904134
904155
904176
904230
904332
904419
904470
904500
904750
904797
904875
904890
904935
905190
905205
905250
905310
905445
905505
905520
905541
905709
905730
905905
905931
905970
905982
906315
906360
906395
906444
906465
906510
906660
906741
906780
906870
906906
906984
907005
907060
907095
907125
907375
907410
907494
907497
907605
907875
907902
908040
908193
908250
908310
908355
908565
908685
908765
908895
908922
908985
909279
909321
909447
909480
909510
909636
909645
909755
909765
909846
910005
910095
910140
910195
910305
910470
910791
910860
910875
910980
911001
911064
911115
911145
911183
911196
911385
911715
911790
911820
911865
912030
912065
912087
912114
912195
912249
912330
912492
912660
912681
912730
912795
912912
912978
913140
913143
913353
913410
913539
913545
913653
913710
913767
913815
913836
913869
913935
913965
914095
914109
914166
914250
914277
914355
914382
914430
914515
914529
914595
914625
914655
914949
914991
915090
915195
915285
915306
915327
915354
915420
915530
915585
915810
916083
916113
916125
916245
916305
916370
916461
916500
916674
916734
916860
916895
916980
917070
917125
917190
917217
917490
917565
917595
917745
917763
917865
918000
918060
918255
918270
918351
918375
918390
918555
918561
918645
918687
918810
918840
918897
919080
919149
919215
919380
919555
919581
919590
919620
919695
919770
919809
919815
919863
919875
920010
920040
920227
920295
920430
920535
920634
920673
920805
920835
920920
920955
920997
921063
921165
921270
921405
921417
921564
921570
921585
921591
921723
921765
921855
921921
922077
922250
922320
922374
922467
922530
922740
922779
922875
922887
923055
923115
923130
923265
923286
923335
923505
923559
923670
923685
923780
923790
923832
923853
923910
923940
924000
924027
924105
924345
924399
924420
924426
924495
924715
924750
924945
925015
925071
925290
925395
925452
925485
925533
925665
925680
925722
925815
925965
925980
926079
926211
926310
926370
926625
926670
926695
926772
926805
926877
926991
927010
927129
927180
927234
927381
927420
927498
927615
927639
927843
927960
927990
928158
928290
928455
928473
928515
928530
928557
928625
928719
928785
928935
929005
929016
929019
929271
929292
929355
929390
929445
929610
929625
929670
929745
929907
929955
929985
930090
930189
930258
930468
930495
930501
930555
930741
930750
930810
931125
931161
931203
931245
931260
931315
931385
931515
931623
931635
931665
931845
931931
932121
932178
932190
932217
932250
932283
932295
932505
932580
932750
932790
932995
933147
933240
933255
933317
933375
933471
933555
933625
933702
933849
933933
933945
934125
934206
934230
934362
934395
934500
934815
934875
935085
935130
935220
935250
935253
935340
935361
935445
935571
935685
935715
935766
935847
936285
936375
936411
936468
936495
936507
936510
936663
936705
936738
936819
936845
936870
937020
937035
937062
937305
937335
937440
937482
937710
937839
937875
938091
938145
938196
938250
938277
938315
938355
938469
938490
938505
938520
938553
938574
938630
938655
938730
938817
938847
938875
938910
939060
939120
939165
939246
939435
939455
939477
939573
939705
939708
939750
939765
939930
939939
940125
940335
940355
940410
940470
940680
940842
940875
940940
941031
941070
941160
941355
941409
941460
941490
941545
941598
941640
941655
941811
941919
942057
942084
942165
942305
942375
942381
942585
942645
942732
942786
942837
942865
942942
943110
943215
943250
943410
943500
943515
943670
943845
943866
943920
943943
943995
944097
944125
944190
944229
944295
944385
944433
944580
944625
944790
944965
945035
945054
945081
945165
945231
945255
945285
945345
945378
945405
945438
945516
945540
945714
945750
945810
945875
946110
946215
946335
946407
946473
946645
946680
946770
946785
946815
946995
946998
947163
947310
947375
947485
947505
947646
947715
947940
948051
948129
948213
948255
948290
948321
948375
948402
948651
948780
948822
948948
949065
949158
949185
949212
949455
949494
949509
949605
949767
949875
949935
949995
950103
950235
950250
950334
950460
950481
950565
950589
950670
950730
950820
951027
951045
951048
951159
951210
951258
951375
951510
951555
951720
951762
951855
951885
951951
952020
952182
952185
952215
952455
952476
952545
952614
952665
952770
952935
953085
953095
953205
953235
953250
953316
953343
953505
953610
953715
953745
953810
953883
954045
954345
954408
954415
954465
954477
954720
954750
954822
954855
954915
955017
955110
955125
955185
955260
955383
955570
955605
955695
955719
955773
955935
955955
955995
956046
956130
956319
956571
956670
956685
956745
956760
956802
956826
956865
956907
957000
957030
957099
957125
957145
957180
957285
957390
957435
957474
957495
957528
957555
958035
958041
958095
958188
958265
958341
958365
958375
958419
958485
958500
958685
958755
958770
958986
959035
959140
959565
959574
959790
959871
959985
960015
960120
960190
960201
960245
960330
960375
960393
960630
960795
960876
960960
961125
961170
961590
961605
961620
961653
961740
961818
961860
961983
962010
962220
962280
962388
962445
962481
962535
962577
962598
962625
962745
962885
962955
963015
963105
963144
963186
963235
963375
963480
963501
963630
963690
963699
963795
963930
964035
964155
964197
964250
964257
964359
964410
964440
964535
964590
964656
964689
964845
964875
964920
965181
965195
965265
965655
965685
965770
965811
965874
965965
965979
965991
966000
966195
966207
966210
966273
966570
966625
966654
966810
967155
967197
967260
967470
967518
967659
967785
967815
967875
967890
967980
968058
968085
968145
968220
968247
968253
968409
968415
968490
968660
968745
968814
968898
968905
968919
969000
969030
969045
969111
969381
969423
969435
969540
969705
969855
969990
970002
970083
970125
970140
970255
970326
970347
970485
970530
970596
970710
970827
970893
970920
970970
971295
971460
971490
971565
971635
971649
971703
971730
971805
971865
971880
972015
972027
972125
972135
972195
972230
972270
972345
972510
972594
972615
972621
972660
972762
972930
973080
973161
973182
973215
973269
973323
973335
973434
973455
973500
973560
973590
973674
973830
973896
974160
974295
974337
974415
974457
974545
974625
974820
974970
974985
975105
975135
975156
975205
975270
975315
975390
975429
975513
975579
975618
975660
975780
975821
975885
975942
976125
976143
976185
976239
976305
976395
976430
976521
976605
976695
976745
976752
976885
976965
977151
977235
977262
977340
977535
977585
977691
977730
977835
977865
977886
978021
978054
978180
978250
978315
978453
978465
978588
978615
978670
978690
978747
978810
978945
978978
979125
979251
979317
979440
979455
979506
979545
979587
979797
979830
980070
980210
980235
980265
980375
980628
980655
980679
980694
980875
980980
981057
981099
981180
981240
981255
981288
981435
981585
981666
981708
981795
981855
981939
982065
982260
982345
982395
982410
982422
982527
982665
982695
982770
982839
983010
983070
983235
983625
983710
983892
983895
983934
984015
984123
984126
984270
984285
984390
984405
984690
984750
984795
984885
984906
984963
984984
985014
985125
985149
985215
985230
985257
985335
985435
985473
985500
985677
985710
985803
985845
985875
985905
985985
986040
986125
986205
986271
986310
986337
986391
986595
986765
986769
986790
986986
987000
987012
987195
987255
987285
987363
987567
987660
987690
987735
987753
987870
988011
988065
988185
988260
988295
988455
988470
988494
988551
988680
988715
988845
988875
988890
989043
989115
989121
989145
989430
989520
989805
989835
989898
989961
989989
990090
990165
990318
990360
990375
990522
990570
990605
990660
990717
990765
990927
990930
991089
991230
991305
991365
991375
991380
991452
991494
991705
991914
991980
992061
992082
992145
992277
992310
992355
992358
992409
992439
992460
992628
992670
992940
992985
993006
993135
993174
993195
993265
993330
993395
993681
993685
993735
993762
993795
993909
993945
993993
994005
994125
994140
994245
994290
994410
994422
994497
994545
994653
994707
994755
994840
994875
994917
994980
995106
995115
995163
995193
995220
995280
995355
995379
995463
995505
995610
995841
995995
996135
996165
996177
996303
996489
996567
996625
996645
996710
996759
996765
996840
996870
996996
997245
997326
997407
997458
997557
997785
997890
997899
998070
998085
998130
998151
998250
998298
998355
998445
998580
998595
998634
998760
998844
998970
998985
999000
999005
999141
999243
999285
999405
999570
999735
999750
999845
999915
