17325
20475
24255
26775
28665
29925
32175
33075
34650
36225
37485
38115
40425
40950
41895
42075
42525
45675
47025
47775
48510
48825
49725
50715
53235
53550
55125
55575
56925
57330
58275
59535
59850
62475
63063
63525
63945
64350
64575
66150
66825
67275
67725
68355
69300
69825
70785
71775
72450
72675
74025
74970
76230
76725
77175
78975
80850
81585
81675
81900
82467
83475
83655
83790
84150
84525
84825
85050
87975
88725
88935
90405
90675
91035
91350
91575
92169
92565
92925
94050
94815
95550
96075
97020
97461
97650
98325
99099
99450
101430
101475
103275
103455
103635
105525
106425
106470
106575
107100
108225
108927
110250
110925
111150
111573
111825
113715
113850
113925
114075
114660
114975
115425
116325
116550
116865
117117
117975
118575
119070
119700
119925
123975
124215
124425
124950
125235
125775
126126
127050
127890
128700
129150
129285
129591
130095
130725
130977
131175
131859
132300
132525
133650
134505
134550
135450
135975
136125
136710
137475
138600
139425
139650
139725
140175
140679
141525
141570
142443
143055
143550
144495
144837
144900
145350
146025
147015
147735
148050
149940
150075
150381
150675
150975
151725
152460
152775
153450
154275
154350
154791
155025
156555
156825
157905
157950
158025
158175
159075
160083
160425
160965
161700
162225
163170
163350
163800
164475
164934
165825
166257
166635
166950
167310
167580
168300
168525
168795
169050
169065
169650
170100
171675
172425
172431
172575
172725
174195
174915
175175
175275
175329
175725
175950
176175
177450
177723
177870
177975
178425
178695
179487
179775
180675
180810
180999
181350
182070
182700
183015
183150
183825
184338
185130
185850
188100
188325
189525
189630
190125
191100
191475
192150
192717
194040
194775
194922
195075
195300
195525
195975
196245
196650
196875
198198
198891
198900
200025
200277
200925
201465
202275
202293
202419
202725
202860
202950
205335
205425
205821
206325
206550
206910
207270
207675
208593
208725
211050
211185
212121
212175
212415
212850
212940
213150
213525
213885
214200
215475
215775
216450
216825
217413
217854
218925
220275
220500
220545
221067
221850
222300
222525
222705
223146
223245
223587
223650
224175
224775
225675
226233
226575
227115
227430
227700
227850
227997
228150
229075
229320
229635
229950
230850
231075
231231
232407
232650
233100
233325
233730
234135
234234
234675
235053
235755
235935
235950
236313
236691
237150
237825
238140
238425
239400
239850
240075
240345
240669
240825
241425
242775
242991
243225
243675
244881
246225
246519
247095
247275
247950
248430
248850
249075
249165
249900
249975
250173
250470
251550
252225
252252
254100
254925
255780
255915
256025
256275
256725
257103
257400
258075
258300
258570
259182
259749
260190
260325
260775
260925
261225
261450
261855
261954
262350
263025
263175
263718
264600
264825
264915
265050
265335
267300
267525
268275
268983
269010
269100
269451
269775
270725
270900
271575
271950
272250
272475
273273
273420
273861
274275
274950
275275
276165
277200
277389
277725
278850
279225
279300
279450
279675
280035
280350
280575
281325
281358
281385
281775
281925
282051
283050
283140
283725
284427
284886
285075
285525
285975
286110
286209
286425
287100
287469
288585
288855
288990
289674
289800
290325
290700
291525
292050
294030
294147
295425
295470
295659
295911
296100
297825
299115
299475
299880
299925
300150
300762
300825
301275
301350
301950
302085
302175
302379
302575
302715
303450
303525
303849
303975
304920
305025
305325
305550
306495
306675
306735
306900
307377
308550
308700
308763
309375
309465
309582
309925
310023
310050
310275
311805
312075
312543
312975
313110
313425
313650
314325
314433
315675
315810
315900
316050
316350
317475
317889
318150
318825
320166
320850
321255
321930
321975
322371
323400
324225
324450
325017
325125
325325
325611
326340
326700
327015
327075
327600
327789
327825
328545
328950
329868
330057
330525
331650
332145
332325
332514
332955
333270
333900
334620
335160
335775
336600
337050
337590
337725
337953
338100
338130
338247
339075
339300
340200
340425
341325
343350
343539
344025
344421
344850
344862
345150
345303
345450
345825
345933
346185
346725
348390
349713
349830
350350
350550
350658
351135
351225
351450
351747
351900
351975
352350
352359
354123
354825
354900
355446
355740
355950
356475
356850
357075
357390
357435
357525
357975
358281
358425
358974
359415
359550
359975
360297
360675
360855
361350
361620
361998
362700
364140
364815
365400
365625
366030
366275
366300
366597
366975
367425
367575
367650
368235
368676
368775
369117
369675
370260
370575
371025
371175
371475
371700
371943
372075
373527
373635
373725
375291
376200
376425
376650
377145
377775
378525
379050
379260
379575
380250
380475
381465
382200
382239
382347
382950
383175
383229
384111
384300
384813
384975
385385
385434
386325
386595
386631
388080
388575
388815
389550
389844
390150
390225
390600
390775
391050
391275
391950
392490
392925
393225
393300
393750
393813
393939
393975
394695
395325
395675
396396
396459
396675
397341
397485
397782
397800
398025
399105
400050
400554
400575
400725
401850
402325
402633
402930
403065
403155
403425
404019
404550
404586
404685
404775
404838
405450
405720
405900
406125
406575
407025
407043
408825
409101
409275
410553
410670
410850
411525
411642
411825
412650
413100
413325
413820
414225
414540
414675
415275
415350
415863
416295
416925
417186
417450
417725
418509
418761
421155
422100
422331
422370
423675
424242
424350
424830
425475
425565
425700
425799
425880
426300
426465
426525
426825
427050
427770
428175
428400
429429
429525
430155
430950
431235
431325
431550
431739
431775
432225
432900
433251
433575
433650
434385
434826
435708
435825
436149
436275
436425
436527
437175
437850
438615
438795
438867
440325
440550
440559
441000
441090
441225
441525
441675
442134
442323
442575
443025
443475
443700
444087
444600
445050
445410
445725
446292
446490
447174
447300
447975
448350
448695
449550
449757
451350
451737
451935
452295
452466
452907
453150
454230
454725
454860
455400
455455
455700
455994
456300
457317
457425
457821
458150
458640
459225
459270
459375
459900
460275
460575
461475
461700
461825
462150
462462
463275
463905
464607
464814
465003
465255
465300
465975
466200
466650
466725
467313
467325
467460
468270
468468
468975
469350
470106
470547
471105
471510
471870
471900
472017
472626
472725
473193
473382
474300
475650
475695
475839
475893
476280
476325
476721
476775
476850
477603
477675
478125
478800
478975
479700
479925
480150
480690
480975
481185
481338
481425
481650
482850
483075
483525
484605
485199
485550
485775
485982
486450
487025
487350
487575
488187
488475
488925
489762
489825
489951
491175
491283
491589
491715
491985
492450
492525
492975
493038
493675
494190
494325
494361
494550
495225
495900
496860
497700
498150
498330
498525
498575
499275
499653
499800
499851
499950
500346
500409
500535
500940
501075
501975
502299
502775
503100
503475
503595
503965
504225
504450
504504
504525
504945
505197
505827
506025
507825
508200
509175
509535
509850
510237
510741
510825
511119
511560
511830
512001
512050
512550
512775
513450
513765
514206
514800
515475
515775
515823
516150
516600
517140
518364
518661
519057
519498
519675
520380
520650
521325
521550
521703
521850
522225
522450
522675
522900
523089
523575
523710
523809
523908
524025
524349
524535
524700
526050
526350
526995
527436
528003
528165
528759
529200
529425
529515
529650
529830
530100
530670
530775
531405
531675
532287
533025
533205
534375
534600
535050
535325
535425
536550
536877
537579
537966
538020
538200
538902
539550
539955
540675
541233
541450
541575
541800
542925
543150
543609
543900
544275
544500
544950
545025
546525
546546
546840
547281
547575
547722
548163
548550
549675
549900
549927
549945
550550
551025
551397
551925
552123
552279
552330
552475
553455
553575
553725
554400
554778
554925
555165
555450
555975
556101
556325
556479
557685
557700
557775
558450
558600
558657
558675
558900
559215
559350
559629
560025
560070
560475
560511
560700
560835
561150
561393
561825
561925
562185
562650
562716
562725
562770
563255
563550
563850
564075
564102
564291
564417
564525
565425
566100
566280
566559
566685
566775
567450
567675
568854
569772
569925
570150
570825
571050
571389
571950
572220
572418
572850
573903
574200
574938
576225
576675
576975
577170
577575
577710
577980
578025
578925
579033
579348
579425
579600
579915
580437
580650
580725
581400
582075
582435
582615
582813
583050
583737
584100
584775
585675
586971
587475
587853
588060
588294
589225
589275
590175
590499
590850
590940
591075
591318
591525
591822
592200
592263
593145
593505
594225
594711
594909
595125
595650
595725
596475
596925
597051
597555
598230
598437
598950
599025
599760
599850
600039
600300
600525
600795
601065
601083
601524
601650
602217
602550
602700
603225
603900
603925
604170
604350
604758
605150
605430
606900
607050
607563
607698
607725
607950
608025
608751
609840
610050
610650
610785
611100
611235
611667
612675
612990
613350
613431
613470
613575
613725
613800
614061
614075
614754
615285
616077
617100
617175
617400
617526
618075
618135
618723
618750
618930
619047
619164
619605
619850
620046
620100
620550
620775
621225
622251
622725
623295
623475
623610
623925
624015
624150
624897
625086
625275
625725
625950
626220
626850
627300
628173
628575
628650
628866
631071
631215
631350
631575
631620
631800
632100
632700
632709
632925
633213
633325
634950
635481
635775
635778
636075
636300
636975
637650
638775
640332
641421
641700
642447
642510
642537
642735
643365
643860
643950
644175
644325
644742
645075
645525
645575
646065
646800
646875
647829
648225
648450
648675
648900
649467
650025
650034
650250
650650
650925
651222
652275
652680
652925
653400
654030
654150
654975
655200
655215
655578
655650
656425
657090
657225
657475
657675
657825
657900
658053
658119
659025
659547
659736
659925
660114
661050
661725
661941
662175
662475
663075
663300
663975
664290
664587
664650
664677
665028
665175
665379
665775
665910
665973
666045
666540
667233
667800
668525
668997
669240
669825
670320
670725
671175
671550
671775
671925
672075
673200
673425
673659
674100
674289
674475
674975
675180
675450
675906
676200
676260
676269
676494
676575
676845
676935
677655
677817
677925
678150
678447
678600
678825
679581
680225
680400
680823
680850
681525
681835
681975
682650
684675
684775
684981
685575
685755
685971
686475
686700
686925
687078
688050
688779
688842
689265
689700
689724
689871
690165
690300
690345
690606
690900
690975
691425
691515
691650
691866
692325
692370
693450
693825
694925
695457
695475
695835
696780
696825
697725
698139
698175
698535
698985
699075
699426
699660
699867
700425
700700
701100
701316
701631
701925
702270
702450
702513
702900
703494
703575
703800
703885
703950
704475
704700
704718
704925
705033
706275
706335
707175
708246
708525
708975
709275
709650
709800
710892
711225
711480
711900
712950
713295
713349
713700
713925
714150
714175
714780
714870
715050
715715
715950
716562
716850
716925
717948
718029
718425
718725
718830
719055
719100
719325
719433
719775
719950
720153
720447
720594
721350
721525
721710
722700
722799
723240
723975
723996
724563
725175
725400
726075
726327
726363
727209
727425
728091
728280
728775
729225
729267
729630
729855
730575
730800
731250
731325
732060
732501
732550
732600
732615
733194
733950
734175
734349
734850
735150
735165
735300
735525
736470
737325
737352
737550
737685
737955
738225
738234
739350
739431
739575
740439
740520
740925
741125
741150
742050
742350
742950
743085
743400
743886
744150
745731
745965
746325
746487
747054
747175
747270
747450
747825
748475
749853
750321
750582
750825
751023
751725
752400
752850
753225
753300
753525
753825
754290
754425
754515
754551
755550
755937
756315
756855
757050
757197
758100
758520
759033
759150
759375
759825
760275
760500
760950
761175
761607
762930
763515
764325
764400
764478
764694
764841
765135
765225
765567
765675
765900
766350
766458
766899
767025
767295
768105
768222
768600
769275
769545
769626
769725
769923
769950
770133
770525
770770
770868
771075
771525
771975
772191
772497
772650
773175
773190
773262
773325
773775
774675
775425
776160
776457
777150
777231
777483
777630
777699
778365
778855
779100
779688
780129
780273
780300
780450
780759
781200
781425
781550
782100
782550
782901
783315
783475
783900
784575
784980
785169
785175
785421
785850
785925
786357
786450
786600
786695
786825
787059
787500
787626
787878
787950
788175
789390
790075
790650
790713
791350
791595
792225
792675
792792
792825
792918
793305
793350
794682
794970
795025
795564
795600
795825
796050
796059
796887
797769
798210
798975
800100
800865
801108
801150
801297
801450
801567
801675
801975
802179
803025
803700
804650
805266
805860
806130
806310
806589
806850
807075
807177
807525
807675
808038
809100
809172
809235
809370
809550
809676
809775
810117
810225
810900
811305
811440
811800
812250
812475
812763
813150
813735
814050
814086
815625
815661
816525
817075
817173
817650
818202
818550
819225
819525
819975
820125
820575
821025
821106
821275
821340
821655
821700
821925
821975
821997
822195
822465
823050
823284
823650
823725
825075
825300
826200
826650
827640
827775
828450
828675
828945
829080
829350
829719
830550
830700
830907
831726
832095
832275
832590
833850
833931
834075
834225
834372
834900
835263
835425
835450
835695
835989
837018
837522
838071
839223
839325
840825
841113
841491
841575
841869
842175
842310
843525
844025
844200
844425
844515
844662
844740
845397
846279
846675
847161
847350
848331
848484
848700
849225
849660
849807
850725
850950
851130
851400
851598
851760
852075
852600
852687
852930
852975
853050
853650
853825
854100
854217
854775
854865
855393
855540
855729
856275
856350
856800
856863
857025
857475
857675
857745
858825
858858
859050
859365
859705
860310
860985
861075
861175
861399
861525
861900
862470
862650
863037
863100
863478
863550
863577
863775
864225
864450
864801
865683
865800
866502
867150
867300
868175
868275
868329
868770
869211
869652
870111
870435
870525
871335
871416
871650
871875
872298
872550
872613
872850
873054
873425
873675
874350
875385
875700
875925
877230
877275
877590
877725
877734
878031
878325
880275
880650
880785
881100
881118
882000
882180
882450
882525
883025
883050
883350
883701
884205
884268
884646
884835
885150
885675
885825
886050
886725
886743
886941
886950
887400
887535
888174
888525
888675
889200
889425
889713
890100
890307
890775
890820
891225
891261
891450
892143
892584
892980
893925
894348
894600
894825
895275
895475
895869
895950
896175
896553
896700
897390
897975
899100
899325
899514
899829
899925
900081
900711
901845
902025
902139
902700
902727
902825
903474
903870
904475
904590
904932
905175
905814
906300
906975
907425
908019
908325
908460
908775
909315
909450
909675
909720
910525
910800
910910
911400
911493
911988
912600
912951
913311
913725
914175
914634
914850
915135
915255
915525
915642
915957
916300
916575
916825
917280
917301
917325
918450
918540
918750
918995
919191
919575
919800
920465
920550
921150
921825
922425
922950
923175
923355
923400
923650
923895
924075
924300
924525
924924
925275
926325
926541
926550
926739
927225
927810
928305
929214
929628
930006
930510
930600
931725
931950
932025
932400
932463
933300
933450
933597
933975
934479
934626
934650
934725
934920
936243
936540
936675
936936
936975
937950
938025
938223
938475
938700
939575
940212
940653
940725
941094
941175
941985
942075
942210
942525
942711
943020
943425
943740
943800
944034
944163
944475
944541
945252
945450
946125
946386
946575
946764
946827
947583
947925
948519
948600
948717
949365
950175
950355
951300
951345
951390
951678
951786
952119
952315
952560
952650
953325
953442
953550
953700
953775
954275
954765
955206
955350
955575
955647
956025
956250
956709
956725
957411
957600
957950
958293
958455
959400
959850
960075
960135
960300
960925
961380
961950
962370
962676
962703
962775
962850
963300
964953
964971
965349
965475
965700
965835
966150
966483
966525
967050
967995
968121
968175
968877
969075
969210
969525
970398
970425
970641
970725
971025
971100
971425
971451
971550
971775
971964
972225
972477
972895
972900
974050
974475
974655
974700
974925
975150
976005
976374
976815
976950
977075
977109
977175
977850
977949
978775
978975
979011
979524
979650
979902
980577
981189
982107
982350
982566
982575
983025
983178
983385
983430
983675
983871
983970
984900
985050
985275
985545
985725
985950
986076
987075
987129
987350
988281
988380
988425
988575
988650
988722
989100
989175
989775
990045
990225
990450
990945
991800
991809
992475
993720
993825
994635
995049
995225
995337
995400
995925
996075
996255
996300
996525
996660
997050
997150
997983
998550
998613
998775
999306
999600
999702
999900
