31185
36855
48195
53865
57915
62370
65205
70875
73710
75735
81081
82215
84645
87885
89505
96390
100035
102465
104895
106029
107730
111375
115830
116235
118125
118503
121095
121905
124740
125307
129195
130410
130815
131625
133245
138105
138915
140049
141750
143451
144375
147420
150255
151470
152685
158355
162162
163215
164430
164835
167265
169290
169533
170625
172125
172935
175770
176985
179010
180873
182655
183141
185625
189945
191565
192375
192780
193347
194805
196911
199665
200070
201285
204930
206955
209385
209790
212058
213435
213759
215460
215865
219375
220077
221697
222750
223125
223155
223965
226395
228501
230769
231660
232470
232875
235305
236115
236250
237006
238545
242190
243810
247455
247779
249375
249480
250614
252315
254745
255717
258390
260820
261630
262845
263250
266409
266490
268125
268191
270135
271755
272727
274995
276210
277830
279045
279531
280098
282285
283500
284715
286335
286875
286902
287793
288750
288765
292005
293139
293625
294840
296055
298485
298809
300510
301875
302211
302940
303345
305370
305613
309015
310635
312417
313875
315495
316305
316710
316953
320355
320625
321165
323595
324135
324324
325215
326430
328860
329670
330561
330885
333963
334530
335907
338580
339066
340119
341250
344250
344655
345870
346437
348381
350625
351540
351945
352755
353970
356643
358020
359073
360045
361179
361665
361746
364095
364905
365310
366282
367983
369765
371250
371385
373815
374625
378189
379890
380457
380625
381915
383130
384345
384750
385560
386694
388125
388395
389367
389610
390663
391875
393822
394065
395199
396165
396495
398601
399330
400140
400545
402570
404271
406215
406875
407835
409860
411723
413910
414375
414477
415125
415935
417879
418770
419580
419985
422415
424116
426870
427518
428085
428571
430920
431730
432135
434565
434889
435375
436995
437805
438750
439263
440154
441693
442827
443394
445095
445500
446250
446310
447930
449631
449955
452790
453033
454005
455301
457002
458865
460161
461295
461538
462105
463125
463239
463320
464535
464940
465750
468195
468585
469395
469557
470610
472230
472311
472500
473445
474012
474375
474903
475875
476685
477090
481545
482517
484380
485595
485625
487620
488835
489375
490455
490941
492723
493695
493857
494910
495558
498069
498750
498960
501228
502605
503415
504630
505035
506331
507465
509490
509733
510705
510867
511434
513135
514755
515565
516780
517671
519129
521640
523125
523260
523341
524799
525690
526500
527877
531765
532818
532980
534681
536250
536382
536625
538083
538125
539055
539865
540270
541485
542295
543510
543915
544401
545454
546345
547155
549585
549990
552015
552420
554931
555093
555660
558090
558495
559062
560196
560439
560625
560763
561735
563355
564165
564375
564570
565785
567000
568215
568701
569430
570969
571455
572670
573750
573804
573885
575586
577500
577530
580203
582309
583605
584010
586278
587250
587979
589680
590085
592110
594297
594945
596970
597375
597618
598125
598185
601020
601749
603750
604422
604989
605625
605880
606690
607905
608391
610335
610740
611226
611793
612255
612765
612927
613899
614385
616875
617625
618030
619245
620217
621027
621270
622485
624105
624375
624834
625625
626373
627750
629937
630990
632205
632610
633420
633906
635283
635607
638685
639009
639375
640710
641250
642330
642411
643125
643545
644355
645813
647190
648270
648648
649215
650349
650430
651321
652860
656019
657153
657720
659340
660555
661122
661365
661770
662337
663795
665415
667359
667845
667926
668655
669060
671814
672705
674163
677160
677565
678132
678375
679833
679995
680238
682500
683235
683397
684285
684369
684855
688500
688905
689310
689715
691173
691740
691875
692874
692955
694089
695385
695625
696762
699435
701250
702351
703080
703647
703890
704295
704781
705510
706563
706875
707049
707940
709155
711585
711909
713097
713286
714015
714987
716040
716445
718146
718875
720090
720657
721305
721791
722358
723330
723492
725625
726165
727947
728190
728595
729810
730620
731835
732564
733125
733941
735885
735966
736695
739125
739530
740259
740745
742500
742770
743985
744471
745605
746415
747630
749250
750465
750789
754677
755625
755811
756378
758241
758727
759213
759780
760914
761250
761481
762615
763125
763830
764883
765855
766260
768285
768690
769419
769500
769743
770715
771120
772821
773145
773388
774375
776061
776250
776790
777195
778005
778734
779220
780435
781326
783750
784485
785295
786429
786915
787644
788130
788697
790398
792099
792330
792585
792990
793125
794205
795015
795501
795663
796635
797202
797445
798660
799875
800037
800280
800625
801009
801090
802305
802791
803439
805140
805707
806355
808542
811053
812430
813750
815670
817047
818125
818505
819375
819720
820287
822393
823365
823446
826119
826605
827820
828345
828750
828954
829035
830250
830655
831870
832923
833895
835758
837540
838755
839160
839970
840213
840375
841185
841347
842751
844830
845559
845625
848232
850905
851067
853740
854469
855036
856170
857142
857385
857871
858195
859815
860139
860301
861273
861840
863460
864270
866943
869130
869535
869778
870345
870750
871479
873747
873990
874395
875610
877500
877635
878526
879255
879375
880065
880308
881199
881685
883386
884115
885654
886545
886788
886875
887355
889785
890190
891000
891405
892500
892620
893673
894159
894375
895860
896103
897237
898695
899262
899910
900375
901125
901875
901935
902097
903555
905580
906066
908010
910602
910845
914004
914085
914375
915057
916515
917730
918459
920322
922590
922995
923076
923967
924210
924375
925911
926250
926478
926640
927855
929070
929313
929880
931500
931581
931875
934983
936117
936390
937170
938385
938790
939114
940005
940329
940815
941220
941787
942435
943245
944460
944622
945000
946647
946890
948024
948750
948753
949806
951750
951993
952965
953370
954180
955395
956043
957015
958125
958797
959445
961389
963090
963171
965034
965601
966875
968031
968760
969375
970137
971190
971250
973539
974835
975240
977265
977670
978750
979209
979695
980910
981801
981882
982125
983745
985446
986013
987390
987714
988125
989415
989820
991116
991845
992817
992979
993465
995625
996138
996705
997500
997920
998811
999375
999621
