45045
51975
58905
61425
65835
69615
72765
75075
77805
79695
80325
85995
86625
89775
90090
93555
94185
96525
98175
100485
101745
102375
103950
105105
107415
108675
109395
109725
110565
112455
114345
116025
117810
118755
122265
122850
123165
125685
126225
126945
128205
129675
131670
132825
133875
137025
137445
137655
139230
141075
142065
144585
145530
146475
148005
148995
149175
149625
150150
151515
152145
153153
153615
155295
155610
156975
159390
159705
159885
160650
160875
161595
162435
162855
165165
165375
166005
166725
167475
167895
169575
169785
170775
171171
171990
173250
173565
173745
174825
176085
179025
179550
180180
181125
181545
182325
183645
185535
185955
186615
187110
188370
188955
189189
191835
192465
193050
193545
193725
195195
195615
196350
197925
198135
199485
200655
200970
201825
202125
203175
203490
203775
204435
204750
205065
205275
207207
207900
210105
210210
210375
211365
211575
212355
212625
213675
214830
215325
215985
216315
217035
217350
218025
218790
219450
219555
219765
221130
221445
222075
223839
224595
224910
227205
228375
228690
228735
229425
230175
230265
231525
232050
232155
234465
235125
235620
236775
237405
237510
238095
238875
241395
241605
243243
244035
244125
244530
244755
245385
245700
246015
246330
246645
246675
247401
248325
248625
249795
250425
250635
250965
251370
251685
252450
252525
252945
253890
253935
254475
255645
256410
257355
258825
259350
260865
261261
262395
263340
263655
263835
263925
264537
265650
266475
267750
268065
268515
270963
271215
271425
272025
272745
273105
273735
274050
274365
274725
274890
275310
276507
276675
276705
277095
277695
277875
278460
278775
279279
279825
281295
282150
282975
283185
283815
284130
284445
284625
287385
287595
288225
288405
289170
289275
290745
291060
291375
291555
292215
292383
292950
293265
293475
294975
296010
296205
297045
297297
297990
298350
298935
299145
299250
300105
300300
301665
302445
302841
303030
304290
304425
306075
306306
307230
307395
308295
308385
309225
310365
310590
310905
311025
311220
311355
311535
312375
313950
314685
314925
315945
316575
317205
317625
318087
318780
319275
319410
319770
320229
320775
321195
321300
321750
322335
322575
322875
323190
323505
324675
324870
325710
326655
326781
330165
330225
330330
330750
331485
332010
332475
332775
333333
333450
333795
334125
334305
334425
334719
334950
335475
335790
336105
336375
337155
337995
338625
339150
339570
339885
340515
340725
341055
341145
341550
341649
342342
343980
344565
344925
345015
346500
347130
347490
347655
347985
348705
348975
349125
349650
349965
350175
350595
351351
352170
352275
352935
353115
353535
355005
355509
355725
356895
357357
357903
358050
358785
358875
359100
359775
360360
360525
361305
361725
361845
362250
362355
363090
363285
363375
364455
364650
365085
365211
365715
365925
367290
367965
368445
369075
369369
370125
370755
371070
371910
371925
373230
373275
374220
374325
374535
375705
375921
376740
377325
377685
377910
378378
379665
379995
380205
381225
381843
382725
383625
383670
383775
383985
384930
385605
385875
386100
386925
387090
387345
387387
387450
387585
387855
388773
390195
390285
390390
390915
391230
391545
391755
392175
392445
392535
392700
392805
393525
393855
394485
394875
395505
395577
395850
396270
396825
397215
397575
398970
399399
399735
400365
400995
401115
401310
401940
402675
403515
403650
403767
404250
404415
404985
406350
406725
406980
407550
407745
408135
408177
408375
408870
408975
409500
410025
410130
410550
410865
411255
412425
413595
414315
414414
415701
415800
416325
416745
416955
417105
417375
419265
419475
419895
420147
420210
420420
420525
420750
421245
421515
421575
421785
422037
422625
422730
423045
423150
423423
424125
424575
424710
424935
425250
425425
426075
427329
427350
427455
427635
428505
428925
429165
429345
429660
430353
430650
431145
431613
431970
432630
432915
433485
434070
434511
434700
434775
435897
436050
436905
437325
437580
438075
438165
438900
439110
439530
439725
439875
440055
441441
441945
442035
442260
442890
443205
443625
444150
444465
445005
445995
446355
446775
447615
447678
448305
449085
449190
449820
450225
450585
450765
451143
451269
452925
453375
453915
454410
454575
455715
456225
456750
456885
457275
457380
457470
457875
458055
458325
458850
458955
460350
460530
461175
462231
462315
462735
463050
464100
464310
464625
465075
466785
467415
468027
468825
468930
469665
469755
470085
470250
470475
471240
471975
472815
473025
473550
473715
474045
474525
474705
474810
475020
475065
475475
476190
476595
477015
477225
477477
477750
477855
477945
478485
479325
480375
480675
481275
481635
482391
482790
482895
483021
483210
483483
484155
484575
485415
485925
486486
486675
487179
488070
488250
488775
489060
489510
489555
489645
490245
490770
491400
491625
492030
492660
492765
493185
493290
493350
493425
494109
494505
494802
495075
496485
496650
496755
497250
497475
497835
498225
498465
498771
499590
499905
500850
501165
501270
501795
501930
502740
503217
503370
504075
504900
505050
505575
505890
506385
506415
506583
507195
507375
507780
507870
508365
508599
508950
510255
511290
512295
512820
513315
513825
513975
514395
514605
514710
515025
515151
516285
516375
516705
517293
517545
517650
517725
518700
518805
518925
519225
519435
520065
520905
521730
522291
522405
522522
522585
523215
524055
524745
524790
525825
525915
525987
526575
526680
527085
527175
527310
527625
527670
527850
528675
528885
529074
529815
530955
531135
531300
531531
532125
532665
532875
532950
533169
533925
534105
535095
535275
535500
535815
536085
536130
536445
537030
537225
537285
537795
538461
538965
539175
539325
539847
540855
541125
541695
541926
542025
542430
542619
542685
542850
542997
544005
544050
544425
545445
545490
546210
546273
546315
547470
547785
547965
548100
548730
549045
549423
549450
549549
549780
550095
550275
550620
551475
551565
551655
553014
553350
553410
553707
554190
554625
554895
555345
555390
555750
556920
557175
557235
557550
558558
559125
559650
560175
561015
561561
562419
562590
563325
563745
563805
564300
564795
565950
566181
566370
566475
567525
567630
567765
568260
568425
568890
569205
569250
569625
569835
570285
570375
570843
571095
572355
572565
572715
572985
573705
574035
574275
574425
574695
574770
574875
575025
575190
575575
575757
576135
576450
576555
576810
577125
577269
578151
578340
578550
578565
578655
579975
580041
580545
581490
581625
582120
582750
582855
583110
583275
583695
583947
584415
584430
584766
585900
586245
586530
586575
586755
586950
587265
587925
588225
588525
588555
588735
589095
589743
589875
589950
590121
590205
590625
590733
591675
592020
592410
592875
594090
594594
594825
595595
595665
595935
595980
596673
596700
597135
597465
597870
597975
598290
598500
598689
598995
599445
599625
600075
600210
600495
600600
600831
601335
601425
602175
602775
603075
603330
603405
603603
603855
604395
604485
604890
605115
605682
606060
606645
606825
606879
607005
607425
608175
608475
608580
608850
609609
609615
610155
610995
612045
612150
612612
613275
614295
614460
614790
616275
616455
616590
616770
617253
617265
617715
617925
618345
618450
618849
618975
619875
619905
620235
620730
620865
621180
621775
621810
622050
622125
622440
622545
622710
623007
623025
623070
624195
624225
624393
624750
625005
625485
625779
627165
627627
627705
627900
628155
628875
629145
629370
629475
629850
630135
630819
631890
632247
632385
632775
632835
633150
633555
633675
634410
634491
635250
636174
636363
636525
636615
637560
638001
638550
638715
638820
639540
639639
639975
640185
640305
640395
640458
640575
641277
641355
641550
641655
642390
642600
642675
642915
643500
644385
644670
644805
645150
645183
645750
646380
647010
647325
647595
648585
649350
649740
649935
650325
651015
651420
651525
651651
652239
652365
652575
653310
653499
653562
653625
654225
654255
654381
654675
655785
655875
656355
656565
656775
657657
659175
659835
660231
660330
660450
660660
660765
660825
661500
661635
661815
662025
662235
662625
662805
662970
663201
663663
663705
664020
664785
664950
665091
665550
665665
666315
666666
666855
666900
667275
667485
667575
667590
667755
668115
668250
668325
668610
668745
668850
669123
669438
669465
669735
669900
670950
670995
671055
671580
671715
671895
672210
672750
673365
674025
674310
674685
675990
676305
677025
677250
678015
678249
678300
678405
679140
679185
679575
679725
679770
679875
680085
681030
681345
681450
682110
682227
682290
682605
683100
683145
683298
683865
683991
684255
684495
684684
685377
685425
685503
686565
687375
687645
687735
687960
688545
689130
689325
689535
689850
690030
692055
692307
693000
693105
693225
693315
694260
694485
694980
695079
695175
695310
695565
695970
696969
697125
697221
697410
697515
697851
697935
697950
698250
698445
698625
698775
699300
699825
699930
699975
700350
700875
701190
701415
701505
702075
702405
702525
702702
702765
702975
704025
704340
704550
705075
705159
705870
705915
706095
706230
706629
707070
707265
707625
707805
708225
708345
708435
708939
709137
709665
710010
710073
710775
710955
711018
711450
711711
712425
712725
712845
713115
713475
713790
714357
714714
715575
715635
715806
716100
717570
717750
717885
718200
718575
718641
719550
719565
720225
720720
721035
721050
721215
721395
721665
721875
722007
722085
722610
723450
723690
724275
724500
724710
725445
725725
725985
726180
726570
726750
726915
727155
727545
727605
728175
728325
728910
728973
729300
729495
729675
730125
730170
730275
730422
731115
731367
731430
731445
731745
731850
733005
733425
733635
734580
734643
734825
735471
735930
736281
736575
736725
736890
737205
737919
738150
738738
739557
740145
740250
740775
741195
741285
741510
741675
741741
741825
742140
742365
742995
743325
743337
743535
743589
743820
743850
743925
744345
744705
746025
746235
746460
746550
747201
747495
747747
748440
748650
748935
749070
749133
749595
749925
750375
750519
750915
750975
751410
751842
752675
752913
753375
753480
754650
754845
754875
755370
755820
756525
756585
756675
756756
756945
758043
758205
758625
759330
759525
759759
759990
760095
760410
760815
761475
761985
762195
762450
762489
762795
763035
763623
763686
763875
764235
764775
764925
765450
767151
767250
767340
767550
767745
767970
768645
768825
769860
770175
770355
771210
771225
771309
771375
771435
771750
772200
772317
772695
773850
774180
774225
774345
774690
774774
774900
775005
775125
775170
775215
775710
775775
776853
777546
777777
777975
778635
779025
779247
779805
780390
780570
780615
780780
780885
780975
781011
781830
782145
782325
782460
782925
783090
783510
784035
784125
784245
784350
784665
784890
785070
785400
785565
785610
785655
786555
787050
787545
787710
787815
788025
788535
788655
788970
789075
789165
789327
789705
789750
790125
790335
790875
791010
791154
791175
791700
792540
793065
793155
793485
793650
793845
794325
794430
794475
794535
794745
794871
795150
795375
796425
796575
797181
797355
797475
797895
797940
798399
798798
799155
799227
799470
800730
801801
801990
802125
802230
802575
802620
802725
803187
803880
804573
805350
805805
806265
806715
806925
806949
807030
807300
807345
807534
808335
808353
808500
808605
808665
808830
809025
809325
809523
809970
809991
810405
810495
811125
811395
812700
813015
813285
813450
813960
814725
814905
815100
815265
815490
815925
816255
816270
816354
816585
816750
817245
817425
817740
817950
818055
818181
818685
818805
819000
819945
820050
820260
820743
820755
820845
821100
821457
821730
822375
822510
822825
823935
823977
824733
824850
824985
825435
826245
826965
827190
827475
827505
827925
828135
828495
828630
828828
829125
829725
830775
831105
831402
831600
831915
832167
832650
832755
833490
833910
834015
834210
834309
834750
835065
835107
835275
836451
837045
837135
837165
837675
838530
838593
838950
839025
839790
840105
840294
840420
840735
840840
841050
841225
841500
841725
842490
842625
842985
843030
843045
843150
843570
844074
844155
844767
845250
845460
845595
845775
846090
846153
846300
846846
846855
846945
847275
848250
849150
849303
849420
849870
849915
850395
850425
850500
850815
850850
851175
851235
851865
852150
852159
852345
853125
853281
853461
854145
854658
854700
854910
855225
855270
855525
857010
857325
857565
857850
857925
858330
858375
858429
858627
858690
859005
859275
859320
860013
860475
860706
860805
861300
861861
862125
862290
862575
862875
863226
863379
863625
863940
864045
864171
864435
865095
865260
865305
865725
865755
865830
866295
866565
866745
866775
866970
867867
868140
869022
869085
869193
869400
869505
869550
869715
870485
870675
871794
871815
872025
872100
872685
872865
873015
873495
873810
873873
873915
874650
875007
875160
875655
875875
876015
876150
876330
876375
876525
877455
877800
878085
878220
878475
878625
878787
879060
879417
879450
879750
880005
880110
880803
880875
881265
881475
881595
882189
882441
882882
883890
884070
884520
885105
885225
885339
885780
886095
886275
886410
886635
886977
887145
887250
887445
887733
887775
888165
888300
888930
889525
889875
890010
890175
890505
890967
891765
891825
891990
892125
892710
893550
894075
894285
894465
894795
895230
895356
895455
895965
896325
896427
896610
897039
897345
897897
898170
898275
898380
898425
898875
899145
899415
899640
899775
900405
900450
901170
901425
901485
901530
902055
902286
902475
902538
903105
903375
903735
903825
903903
904761
905355
905850
906015
906255
906525
906633
906675
906750
907515
907830
908145
908820
909075
909150
909585
909909
910035
910575
910665
911295
911421
911430
911547
911925
912135
912285
912450
912975
913185
913500
913605
913770
914550
914760
914940
915750
915975
916110
916545
916650
916839
916965
917235
917415
917631
917700
917910
918099
919125
919275
919425
919485
920025
920115
920700
920745
921060
922131
922350
922545
922635
923013
923769
924255
924462
924630
924825
925470
925575
925925
926100
926289
926415
926835
927045
927333
927465
927927
928125
928200
928395
928620
928725
929250
929475
929565
930069
930150
930465
930699
930735
930825
931905
932085
932535
932841
933570
934185
934830
934857
935025
935415
935655
935935
936045
936054
936225
937251
937629
937650
937755
937860
938925
939015
939330
939393
939510
939645
939675
940170
940275
940401
940485
940500
940695
940797
940905
940950
941325
941535
941625
942123
942480
942795
942975
943299
943950
944265
944559
944955
945630
946050
946275
946485
947025
947100
947205
947430
947625
948090
948675
948915
949025
949050
949095
949221
949410
949620
949905
950040
950130
950475
950859
950895
950950
951825
952380
952413
952425
953190
953667
953865
953925
953955
954030
954135
954450
954525
954954
954975
955305
955500
955710
955890
956175
956403
956475
956505
956970
957375
957957
958545
958650
958815
959805
960225
960750
961065
961155
961191
961350
961695
961785
962550
962829
963270
963495
963765
963963
964275
964425
964665
964782
965055
965580
965790
966042
966420
966966
967113
967365
967395
967575
968310
968715
969150
969255
970695
970785
970830
971355
971685
971850
972279
972315
972675
972825
972972
973350
973665
973791
973845
973875
974358
975051
975375
975555
975645
976140
976500
976833
977445
977550
977625
977823
977925
978120
978285
978705
979020
979110
979290
979755
979875
980490
980595
980685
980925
981045
981540
981825
981981
982215
982800
983250
983367
983475
984060
984165
984753
985005
985320
985530
985635
986265
986370
986580
986700
986850
986895
987105
987987
988218
988533
988785
989010
989235
989604
990150
990171
991185
991287
991515
991575
991683
991935
992565
992655
992775
992970
993225
993300
993510
993531
994175
994500
994950
995670
995715
995775
996435
996450
996930
996975
997101
997395
997542
998361
998865
999075
999180
999495
999810
