121275
143325
187425
190575
209475
242550
253575
266175
266805
286650
297675
319725
341775
353925
372645
374850
381150
407925
418275
418950
444675
452025
455175
462825
474075
485100
507150
517275
518175
532350
533610
568575
573300
584325
595350
621075
626175
637245
639450
646425
650475
672525
683550
693693
707850
715275
722475
735075
738675
745290
749700
762300
782775
789525
796005
804825
815850
819819
833175
836550
837900
843975
845325
870975
874575
889350
893475
904050
907137
910350
915075
920205
925650
948150
970200
981225
