155925
184275
218295
240975
257985
269325
289575
311850
326025
337365
343035
368550
377055
378675
411075
423225
433125
436590
439425
447525
456435
479115
481950
496125
500175
511875
512325
515970
524475
538650
567567
575505
579150
581175
605475
609525
615195
623700
637065
645975
652050
654075
666225
669375
674730
686070
690525
694575
734265
737100
742203
748125
751275
752895
754110
757350
763425
791775
804375
813645
816075
819315
822150
824175
826875
829521
833085
836325
846450
853335
864675
866250
873180
877149
878850
884925
891891
895050
905625
912870
913275
931095
932715
949725
957825
958230
963900
974025
980343
992250
998325
