135135
176715
197505
208845
233415
239085
255255
259875
270270
282555
285285
301455
305235
307125
322245
328185
345345
353430
356265
366795
369495
373065
375375
380835
384615
395010
401625
412965
417690
426195
435435
440895
444015
446985
448875
451605
454545
459459
465465
465885
466830
478170
479655
482625
488565
490875
498015
503685
504735
509355
510510
513513
519750
520695
528255
533715
540540
543375
548625
550935
555555
556605
559845
565110
566865
569415
570570
577395
580125
580635
594405
596505
598455
601965
602910
608685
610470
613305
614250
615615
621621
630315
631125
634095
636405
644490
645645
648375
648945
651105
656370
658665
664125
664335
671517
672945
673785
680295
685125
686205
690690
690795
692835
696465
705375
705705
706860
712530
714285
719355
724815
726495
732105
732375
733590
735735
736155
738045
738990
745875
746130
749385
750750
752115
755055
758835
761670
766935
769230
770385
772065
780045
782595
783783
784875
787185
790020
791505
793611
795795
803250
803985
804195
805035
811965
812889
818235
821205
823095
823515
825930
830115
833625
835380
837375
837837
838695
841995
843885
844305
847875
849555
851445
852390
853875
858585
862785
865215
870870
872235
874125
874665
879795
881790
885885
888030
891135
893970
895125
896805
897750
899745
903210
907335
908523
909090
910455
911625
915915
918918
922845
924885
925155
930930
931770
933660
934065
934605
937365
943635
947835
951405
951615
956340
959310
959595
960687
962115
965250
967005
968625
969969
970515
973245
977130
979965
981750
982905
983535
989625
990495
995085
996030
997815
