225225
294525
315315
329175
348075
363825
389025
398475
412335
429975
450450
460845
467775
470925
487305
495495
502425
508725
525525
537075
544635
546975
552825
557865
562275
571725
585585
589050
593775
606375
611325
615825
628425
630630
634725
641025
647955
654885
658350
659295
687225
688275
696150
703395
710325
712215
716625
722925
724185
727650
740025
744975
751905
757575
760725
768075
773955
776475
778050
796950
798525
799425
800415
807975
812175
814275
824670
825825
830025
831285
839475
848925
859950
862155
867825
868725
876645
880425
888615
897435
900900
904995
907725
918225
921690
927675
929775
933075
935550
937125
941850
944775
952875
959175
962325
963585
967725
974610
975975
978075
990675
990990
994455
997425
